+26650016764
+26650023503
+26650082555
+26650095195
+26650098947
+26650149645
+26650223964
+26650224330
+26650226447
+26650265148
+26650306208
+26650340365
+26650345368
+26650407781
+26650506300
+26650518216
+26650518228
+26650533457
+26650538954
+26650544770
+26650545672
+26650593152
+26650671529
+26650672168
+26650698150
+26650766149
+26650783141
+26650838673
+26650852417
+26650858759
+26650859964
+26650867239
+26650870946
+26650872423
+26650911918
+26650915032
+26650922705
+26650927948
+26650954521
+26651424571
+26651464813
+26651499612
+26651609106
+26651609363
+26651638787
+26651643367
+26651645784
+26651646136
+26651748110
+26653078616
+26653148478
+26653158061
+26653176114
+26653180950
+26653181935
+26653227691
+26653257295
+26653265237
+26653340020
+26653359743
+26653367888
+26653373339
+26653383251
+26653387163
+26653411432
+26653430453
+26653449156
+26653449166
+26653461878
+26653472640
+26653477049
+26653505634
+26653522622
+26653536332
+26653553550
+26653556925
+26653625287
+26653654411
+26653702211
+26653712130
+26653717948
+26653765039
+26653766185
+26653788256
+26653789061
+26653796617
+26653821623
+26653829902
+26653845872
+26653893983
+26653950031
+26653976693
+26653977990
+26653980627
+26653991687
+26656051556
+26656052271
+26656056126
+26656104796
+26656183209
+26656195739
+26656209332
+26656216892
+26656231360
+26656234328
+26656242908
+26656255057
+26656269599
+26656278576
+26656296546
+26656368611
+26656370899
+26656395707
+26656405558
+26656429965
+26656446569
+26656454446
+26656466461
+26656492075
+26656508096
+26656523498
+26656528834
+26656570609
+26656583575
+26656626944
+26656654935
+26656702779
+26656707087
+26656712146
+26656723620
+26656751909
+26656787179
+26656825630
+26656830956
+26656837978
+26656843438
+26656898421
+26656913413
+26656934478
+26656938446
+26656942271
+26656958808
+26657020564
+26657039930
+26657042698
+26657076258
+26657089422
+26657096120
+26657117533
+26657139916
+26657153096
+26657164171
+26657180897
+26657205711
+26657284433
+26657313975
+26657324502
+26657349451
+26657402733
+26657433152
+26657442614
+26657473783
+26657495340
+26657527554
+26657534990
+26657572496
+26657582318
+26657587416
+26657706528
+26657756292
+26657777749
+26657783581
+26657912022
+26657967092
+26658009477
+26658024071
+26658024466
+26658056738
+26658058612
+26658073711
+26658153626
+26658186303
+26658401030
+26658409451
+26658426747
+26658429136
+26658432583
+26658441028
+26658451516
+26658484740
+26658486390
+26658487177
+26658489195
+26658493642
+26658495344
+26658512908
+26658541706
+26658554489
+26658564302
+26658578727
+26658594382
+26658605328
+26658662020
+26658664359
+26658668462
+26658670126
+26658680552
+26658682315
+26658684819
+26658688637
+26658690505
+26658717037
+26658720510
+26658725161
+26658729676
+26658747835
+26658759244
+26658760194
+26658765000
+26658766841
+26658771196
+26658780377
+26658800312
+26658813388
+26658823707
+26658839399
+26658839675
+26658845102
+26658856529
+26658862533
+26658865319
+26658881000
+26658881930
+26658887366
+26658889452
+26658906922
+26658909615
+26658950008
+26658967037
+26658994243
+26659009989
+26659020647
+26659023367
+26659034932
+26659057666
+26659077179
+26659116804
+26659119607
+26659163056
+26659166891
+26659190151
+26659205564
+26659210903
+26659225348
+26659346121
+26659409036
+26659416769
+26659420962
+26659447476
+26659453992
+26659456508
+26659467472
+26659500810
+26659528994
+26659598219
+26659603192
+26659605300
+26659613817
+26659648971
+26659678081
+26659704362
+26659728669
+26659731667
+26659758417
+26659758783
+26659783923
+26659802776
+26659901500
+26659948299
+26659959910
+26662006660
+26662202000
+26662222101
+26662222884
+26662224206
+26662226006
+26662228080
+26662760803
+26662780233
+26663004828
+26663044906
+26663045144
+26663076883
+26663122755
+26663138393
+26663166005
+26663286736
+26663460084
+26663489435
+26663504639
+26663661637
+26663672440
+26663790062
+26663806808
+26663808685
+26663856589
+26663864064
+26663969118
+26663982551
+26663987559
+26663988319
+26664022458
+26664027000
+26664059049
+26664062990
+26664301068
+26665099991
+26667141866
+26667172136
+26667197521
+26667257288
+26667853753
+26667942882
+26667994443
+26668124216
+26668189204
+26668271635
+26668274680
+26668344544
+26668380434
+26668399376
+26668400130
+26668518107
+26668536117
+26668549444
+26668581016
+26668607554
+26668654856