+26658667538
+26658704344
+26658850006
+26650522741
+26657683053
+26653049141
+26658860096
+26659923810
+26658570225
+26656690070
+26659073829
+26650084626
+26657303050
+26656396450
+26657040913
+26659131729
+26658005563
+26659214277
+26650012541
+26650182944
+26656724097
+26656114157
+26650069816
+26657298297
+26657000787
+26657251463
+26650034683
+26650958094
+26653405393
+26650380928
+26659577028
+26658151555
+26659894527
+26659570868
+26659475261
+26658140725
+26657776535
+26653837582
+26656586783
+26658531749
+26658735419
+26653498839
+26659715045
+26656922066
+26659641546
+26657067556
+26662226310
+26653863943
+26656968775
+26656780564
+26656375630
+26658724775
+26659329426
+26650549758
+26659225061
+26662554377
+26650822936
+26657420190
+26650193012
+26659197401
+26658760058
+27826296314
+26653191014
+26659099167
+26662228584
+26662222275
+26662096730
+26659090916
+26663067308
+26662555544
+26663667919
+26653762284
+26663929482
+26659576428
+26650268451
+26657723950
+26650474852
+26656727909
+26657075650
+26659873236
+26662865710
+26659492000
+26663200101
+26650727623
+26657204724
+26658697167
+26650508983
+26650596904
+26663701414
+26658674696
+26658010912
+26653320833
+26659418660
+26662134443
+26659674139
+26650009004
+26663122691
+26658837623
+26659111250
+26659710611
+26656410890
+26657339844
+26658737179
+26656770704
+26663266166
+26653507509
+26657908118
+26653468451
+26662266227
+26656237455
+26656888824
+26658811547
+26657474772
+26657279190
+26658096071
+26658515047
+26663371581
+26650039157
+26657992822
+26658680085
+26656501126
+26662221113
+26658050951
+26658880005
+26668519855
+26659671310
+26657335869
+26659636695
+26653788446
+26658437892
+26662003740
+26658887476
+26628314120
+26659507227
+26653260273
+26658036313
+26656503019
+26663950668
+26663222180
+26656468601
+26656039762
+26657448277
+26668616497
+26658429320
+26656235023
+26662801414
+26658694324
+26659552545
+26662334400
+26657535247
+26663210042
+26659030513
+26656571245
+26662222235
+26659048919
+26663001094
+26653828302
+26657067358
+26659812920
+26653082819
+26662497000
+26659220002
+26656630534
+26662451333
+26659479122
+26653379108
+26659601622
+26658860310
+26658099704
+26657827737
+26662725005
+26657033312
+26658401378
+26656742704
+26659005198
+26650162267
+26659228263
+26656882864
+26657321468
+26656720504
+26663295560
+26656523604
+26668348915
+26659093615
+26663939900
+26662908535
+26656665485
+26663431777
+26657408426
+26657835258
+26659078551
+26656771943
+26656532653
+26658714244
+26657401266
+26658122185
+26662009633
+26663023934
+26664104285
+26663215264
+26663820835
+26650137456
+26658535097
+26659145580
+26659205651
+26659415900
+26656209079
+26658026713
+26659411290
+26656210492
+26658091390
+26663377196
+26662173789
+26659648286
+26662642114
+26658001813
+26658840082
+26650924084
+26653885024
+26668299100
+26667383707
+26656300025
+26658104202
+26658841958
+26664310145
+26659031616
+26656895189
+26658959595
+26656700367
+26657303704
+26663899735
+26658022800
+26658523928
+26659133232
+26659991983
+26657577963
+26653233760
+26656260907
+26662005252
+26656858497
+26663265442
+26656940409
+26659563349
+26658692341
+26658988270
+26659363801
+26657624849
+26662223599
+26659795219
+26659659993
+26657922583
+26658054046
+26659549819
+26659192347
+26658904357
+26658865319
+26663199682
+26667972055
+26656893682
+26656681111
+26656172676
+26663098061
+26653993064
+26658709870
+26659026260
+26658086390
+26658883409
+26653079859
+26658073368
+26650644922
+26663249236
+26650253919
+26658847772
+26656630761
+26656317429
+26658053174
+26656668699
+26657296907
+26663780628
+26662932306
+26658459182
+26659066368
+26653234326
+26663367122
+26651415609
+26668188048
+26658402346
+26663518792
+26662817073
+26662000125
+26663719637
+26658754207
+26659925515
+26650966889
+26658502532
+26658827474
+26658084045
+26656705584
+26653304339
+26656699742
+26659188178
+26656506510
+26659938125
+26659910747
+26668566794
+26650890994
+26659405691
+26662867241
+26662846810
+26650117996
+26663005273
+26653762143
+26658793627
+26658940634
+26658850812
+26658880329
+26628335585
+26659103607
+26658851946
+26657080117
+26658858817
+26658850154
+26653764035
+26658889452
+26658843972
+26658488767
+26659052270
+26658883412
+26658566934
+26658727508
+26650292861
+26658404488
+26659900718
+26657276491
+26657421842
+26658764333
+26663846888
+26663002540
+26658880162
+26659103744
+26658784286
+26657879236
+26659503084
+26658412555
+26659868577
+26658711322
+26656101187
+26662420923
+26658568160
+26662870568
+26658105201
+26659330278
+26656785630
+26651411386
+26656622663
+26658793851
+26650038596
+26662696999
+26657323772
+26658490726
+26650129623
+26651606692
+26658850125
+26662855153
+26662000126
+26662200125
+26658854268
+26662915915
+26663099023
+26659937915
+26668074056
+26659494957
+26658587716
+26657888578
+26659488077
+26657402733
+26662336166
+26662775474
+26650208007
+26668585315
+26657445205
+26663113401
+26653658857
+26659431058
+26658865530
+26658450771
+26659576690
+26650987975
+26650320255
+26653792728
+26650381535
+26656273963
+26658660331
+26663982551
+26662020564
+26658051064
+26658774052
+26659921920
+26656782898
+26656932244
+26663618585
+26658709097
+26656043466
+26656763970
+26658901891
+26657072214
+26653300356
+26653234892
+26653350247
+26663395401
+26658146247
+26651494852
+26659544942
+26658863461
+26656301836
+26659547050
+26664083799
+26664085038
+26659720910
+26663437719
+26659089602
+26658711164
+26659414779
+26663441241
+26658088069
+26658932306
+26650153038
+26657468245
+26656983302
+26666306767
+26650533033
+26650890076
+26657257596
+26657652906
+26656773402
+26650087045
+26659799534
+26658415357
+26657102022
+26659014205
+26659390431
+26653836561
+26662227799
+26659223090
+26663619981
+26663050934
+26656376328
+26656694413
+26659139738
+26662903550
+26656626732
+26662008836
+26663030816
+26658861111
+26650407794
+26662728990
+26657211120
+26656888905
+26663735667
+26667952317
+26667376979
+26663567534
+26656286073
+26656719394
+26658882127
+26650778453
+26656300736
+26658997432
+26657143445
+26658837811
+26656297777
+26658919944
+26659399184
+26657020564
+26658526865
+26659198933
+26668270515
+26668537654
+26659313966
+26658882444
+26653196748
+26658769800
+26658970022
+26658834159
+26659491042
+26659207879
+26663417894
+26650077854
+26656111263
+26658861253
+26663156031
+26668091709
+26658073874
+26663020950
+26659781854
+26659822764
+26663566567
+26662624526
+26658681546
+26653030207
+26657333300
+26657633333
+26659029983
+26650869050
+26658024466
+26658404977
+26658883541
+26658736937
+26656615559
+26658693642
+26650836759
+26663045144
+26662955627
+26662499555
+26658536476
+26663503672
+26656330349
+26668412027
+26663117900
+26667196945
+26662741806
+26659433635
+26668123730
+26663012482
+26656403617
+26659022270
+26659980243
+26662532661
+26663055890
+26659316473
+26663044994
+26662002120
+26663102580
+26663951098
+26650729740
+26659648971
+26658472249
+26659597353
+26668106565
+26663010129
+26658056000
+26668596178
+26663074555
+26650263665
+26658033011
+26658868293
+26658710713
+26658826621
+26658851595
+26658832864
+26658771057
+26658794271
+26653395810
+26668401015
+26657137920
+26668349061
+26663646364
+26656753226
+26663941477
+26657844658
+26667340282
+26650719076
+26657756292
+26658577567
+26653359842
+26653765739
+26656446211
+26663877883
+26650009004
+2.665E+11
+26656539191
+26658575582
+26650585587
+26656175883
+26650223054
+26658928977
+26659064777
+26663338950
+26659961144
+26658534552
+26659864072
+26658845816
+26656559728
+26663031651
+26650320168
+26658094164
+26658853799
+26656629199
+26663012046
+26662768941
+26656714396
+26662845787
+26662306119
+26663010189
+26659663595
+26658044955
+26658134914
+26656744665
+26656049016
+26650868775
+26659686316
+26658537907
+26657181536
+26658924212
+26659791424
+26662000018
+26658856651
+26658786339
+26662433674
+26650045207
+26656903753
+26658056738
+26658123099
+26666141774
+26658056207
+26662220003
+26662782779
+26657288291
+26667093902
+26653827682
+26657096053
+26662103411
+26662000669
+26665000241
+26665005928
+26662221622
+26662460090
+26662428838
+26662000444
+26668006006
+26663361276
+26663069791
+26663115829
+26663007663
+26659008175
+26658411185
+26657806780
+26658107257
+26659775436
+26656832030
+26658857001
+26657525540
+26658717037
+26653782409
+26658564679
+26658094049
+26657908188
+26658430115
+26658070745
+26659161673
+26650023178
+26658773278
+26658924764
+26650212470
+26657469549
+26656392350
+26657878542
+26658530872
+26658760969
+26658882049
+26656597966
+26658733181
+26659490969
+26659756257
+26658849111
+26658847523
+26658950301
+26658902667
+26657578073
+26659925065
+26650757343
+26658725902
+26650082519
+26659466090
+26658746447
+26658960590
+26650056109
+26658030008
+26662732732
+26657878181
+26663607580
+26658817549
+26653829405
+26659444995
+26658851751
+26663600382
+26658947001
+26656313920
+26663008085
+26658128771
+26653173535
+26658921364
+26663184364
+26659507633
+26650675330
+26653059004
+26658096079
+26656154542
+26656134027
+26653999788
+26658152963
+26663025626
+26668585312
+26662850390
+26663047265
+26667374599
+26653288800
+26658089492
+26658842324
+26658858902
+26658742114
+26658765079
+26657016453
+26658787833
+26658425401
+26657252082
+26663441988
+26658767297
+26653914013
+26663892697
+26657538722
+26663174497
+26650536538
+26650579149
+26656909151
+26662200599
+26656168968
+26651439676
+26663510266
+26658475161
+26651604436
+26662805010
+26658974141
+26650922727
+26658475348
+26656701533
+26663130649
+26667203150
+26663974085
+26658881788
+26662000088
+26657292532
+26657942287
+26650796670
+26663595544
+26659498083
+26658888007
+26657650006
+26658921010
+26658840034
+26658015889
+26653908806
+26658842830
+26659968286
+26658850290
+26658860449
+26656664714
+26658043648
+26659972052
+26657121333
+26653897032
+26663942668
+26657032918
+26657791697
+26658851455
+26657341567
+26653522970
+26657060709
+26658035511
+26662222268
+26663202303
+26659115359
+26658413680
+26658844571
+26650210863
+26650815267
+26659100942
+26653872896
+26658004284
+26668113090
+26663489214
+26662001800
+26657312885
+26662002324
+26662191000
+26659569745
+26653017247
+26658832093
+26656613503
+26658909766
+26658818118
+26659199084
+26658734031
+26662204388
+26658140617
+26656296567
+26668585746
+26663760066
+26665007618
+26659648198
+26658838424
+26657890288
+26668035700
+26658125987
+26659439544
+26653652956
+26658883639
+26658885541
+26656546152
+26658858229
+26657882828
+26656432336
+26658484575
+26658927537
+26657519747
+26650585365
+26668141618
+26659655210
+26657098758
+26658475555
+26651488437
+26659527665
+26653755178
+26658061933
+26658855573
+26656225409
+26662691111
+26656414521
+26662221900
+26658866310
+26658023031
+26663791866
+26657001574
+26650847839
+26662744273
+26662549631
+26653194985
+26665001484
+26662054954
+26662000039
+26668008081
+26662776779
+26658573533
+26653763617
+26663863638
+26662000024
+26662778657
+26662850886
+26664009429
+26663401414
+26662862795
+26667229276
+26667981819
+26667223836
+26658057068
+26659167744
+26650872848
+26658473053
+26656846411
+26659002464
+26659633037
+26659191132
+26658851807
+26663378943
+26653034273
+26658011133
+26658004446
+26658055936
+26668656565
+26659059880
+26659348400
+26659017904
+26663100882
+26653469237
+26663502835
+26659784037
+26662333388
+26658987727
+26662770077
+26662006864
+26662350035
+26663067056
+26662221980
+26656503608
+26658061914
+26650640000
+26653036095
+26653540542
+26658867905
+26658098209
+26663038409
+26657009755
+26657115556
+26663019266
+26663221730
+26663160774
+26663101199
+26658953618
+26659459328
+26658552455
+26658541393
+26659056213
+26658077102
+26659040215
+26653194203
+26656177998
+26662078633
+26650080022
+26658710280
+26659208452
+26663198273
+26650667993
+26659723531
+26659933568
+26656346785
+26659701069
+26658679423
+26653761542
+26658505518
+26658718927
+26658006765
+26658077482
+26659053268
+26662000929
+26658123759
+26656939852
+26662103543
+26663564203
+26658852825
+26659870806
+26663295518
+26663118566
+26653785774
+26650269792
+26662196666
+26658882258
+26662668742
+26658106992
+26653253533
+26658888117
+26659733902
+26662559750
+26659481906
+26659801649
+26663396990
+26657326400
+26658870239
+26658758012
+26656931067
+26650223803
+26656390216
+26659030159
+26663861232
+26662461567
+26663484231
+26663774497
+26658947154
+26658471876
+26658975621
+26658701932
+26663987814
+26659051356
+26657731146
+26659980812
+26650629571
+26658830099
+26657682818
+26658661339
+26658861014
+26657028227
+26658011007
+26650782669
+26666880068
+26662262286
+26658741112
+26653408241
+26659145768
+26662112463
+26656633900
+26657333667
+26659545111
+26663879629
+26662718072
+26653627886
+26658084068
+26662112393
+26663003938
+26668627290
+26658018180
+26657534123
+26658036904
+26658105607
+26663669292
+26662084068
+26650521747
+26658744219
+26657885339
+26658747595
+26659528222
+26663597535
+26650898585
+26662842369
+26659620944
+26662946974
+26658608142
+26656204702
+26658910442
+26658061049
+26657068425
+26659169959
+26651652451
+26650707750
+26658047121
+26659028858
+26666000256
+26657304460
+26658425822
+26662868190
+26650179805
+26657485307
+26662125522
+26658137554
+26663958269
+26650224546
+26658103370
+26666880042
+26658041517
+26659866873
+26658880016
+26658771762
+26650449251
+26657883998
+26658028738
+26658958083
+26658757927
+26658737830
+26658750036
+26658598959
+26658841063
+26668233748
+26658020866
+26659880430
+26656902468
+26657502139
+26657758668
+26653838420
+26667162620
+26663654556
+26653503212
+26658835617
+26659050556
+26628310985
+26658588985
+26659481240
+26656144317
+26658090944
+26658450234
+26666880533
+26659182197
+26663177698
+26658598908
+26650568583
+26658680474
+26659711566
+26656215264
+26663438730
+26667369086
+26659953327
+26658586354
+26659142044
+26658526211
+26658850891
+26658887372
+26657047283
+26658916945
+26659484406
+26650069081
+26658062547
+26650559026
+26658697552
+26658771693
+26659485287
+26653081332
+26658067335
+26658423200
+26657887897
+26650685137
+26656801584
+26650253782
+26650327526
+26656381538
+26658941578
+26658855511
+26663759372
+26658677237
+26657774297
+26666880000
+26650625591
+26650676779
+26658955958
+26650877793
+26650181216
+26663226836
+26650799038
+26666881291
+26650106639
+26650222462
+26668236953
+26656896994
+26658733952
+26653081103
+26651643034
+26653284932
+26658902240
+26662902240
+26662443828
+26668548768
+26658573946
+26650562973
+26653197692
+26662052003
+26666881435
+26664083192
+26662003818
+26659748888
+26659506071
+26658088750
+26658588902
+26663102000
+26653072147
+26653253660
+26650291666
+26650937368
+26656202525
+26659016819
+26659002752
+26653058410
+26658813049
+26650216789
+26653501634
+26658997456
+26651441730
+26650807373
+26658037135
+26657844833
+26656605411
+26659003187
+26658544507
+26658564252
+26657686473
+26657118258
+26650280300
+26650059894
+26658732169
+26659812540
+26658862795
+26658850886
+26658003723
+26657325832
+26658455254
+26659685440
+26659504903
+26658477220
+26658769953
+26666880410
+26664022982
+26658963292
+26657223000
+26667272712
+26658697290
+26658558177
+26658083525
+26657663599
+26658867344
+26650847664
+26662022002
+26663427277
+26659064920
+26658916598
+26663491860
+26658850975
+26662983605
+26659058068
+26663233917
+26662997275
+26663662307
+26666880017
+26668565541
+26658409799
+26658853820
+26653835391
+26653498314
+26658844809
+26659166994
+26658088003
+26650256164
+26659054538
+26658578039
+26659602085
+26658496714
+26658864059
+26658051386
+26653042191
+26658081471
+26650468876
+26656610794
+26658664607
+26663277255
+26658852493
+26659193934
+26659149769
+26658852485
+26662550025
+26658594319
+26659065630
+26658784904
+26659893255
+26653357656
+26656114327
+26662004902
+26658018794
+26658432261
+26650645289
+26659656099
+26658539183
+26658865166
+26658965405
+26650263138
+26656715672
+26656656263
+26659593651
+26663051277
+26664002748
+26659578414
+26659352488
+26658777580
+26653365172
+26650507198
+26656674833
+26658022726
+26667224040
+26663178399
+26658487235
+26659626318
+26663344361
+26666882026
+26657623513
+26656392691
+26663735664
+26657958037
+26659428991
+26663337206
+26666882288
+26653094281
+26659480606
+26658085995
+26653764523
+26653408554
+26658834551
+26653408565
+26653301880
+26653447322
+26658095443
+26658151266
+26657147360
+26658099754
+26663005050
+26662047576
+26662112389
+26663390850
+26663185661
+27829972989
+26662110092
+26664019834
+26662112347
+26662112415
+26662001214
+26663125506
+26665010080
+26662237383
+26662051521
+26667914114
+26663006777
+26663077777
+26663723828
+26663061232
+26662107242
+26663841115
+26663733085
+26663824217
+26663618694
+26662003456
+26662227222
+26663043533
+26662112476
+26662221977
+26663073519
+26663189646
+26665001582
+26663958430
+26663952602
+26662007118
+26662112401
+26662780553
+26663632937
+26662856529
+26662132391
+26662360685
+26663047317
+26665009823
+26662545454
+26663815519
+26663003232
+26662288882
+26663683597
+26650474318
+26659956161
+26657319616
+26653218798
+26659508973
+26653108850
+26657531116
+26657994200
+26658900313
+26656341878
+26659192291
+26659441106
+26656839119
+26656456057
+26658181325
+26658047576
+26657966896
+26659686038
+26656983399
+26657893957
+26657668525
+26658130039
+26658047666
+26656332954
+26658858949
+26658715092
+26659433628
+26651655252
+26653896497
+26659502444
+26658846676
+26658848810
+26658405038
+26658015386
+26657557939
+26658796150
+26658188333
+26658026154
+26658858259
+26658881975
+26658966453
+26658817650
+26658443156
+26658762229
+26658712159
+26658427748
+26659043413
+26653412528
+26656763047
+26650226668
+26658868966
+26659706560
+26653251186
+26650757766
+26657105363
+26659034747
+26658706978
+26659674132
+26658863611
+26650468929
+26656196334
+26658109489
+26658779872
+26650444816
+26658857565
+26658098871
+26659321363
+26658749238
+26659597556
+26658830707
+26658926496
+26651643231
+26658523048
+26658071772
+26658545358
+26658774365
+26650189675
+26663058919
+26663247160
+26663175935
+26662226447
+26658850005
+26658942045
+26663645600
+26663141414
+26658911606
+26663034426
+26662009829
+26656676355
+26657154466
+26659165975
+26658041354
+26662041354
+26663052775
+26659329465
+26658084475
+26658852378
+26658027944
+26663407596
+26658796160
+26650268187
+26666031083
+26653820505
+26657285767
+26657403206
+26658851057
+26658700579
+26662881111
+26658698204
+26658000075
+26663290149
+26653641313
+26663541533
+26656713947
+26664101014
+26658573104
+26657096446
+26659336954
+26658869044
+26663765222
+26662956377
+26663102888
+26667925531
+26668404503
+26663120060
+26663064598
+26665007777
+26662851922
+26662000536
+26663231185
+26663509745
+26662001229
+26628461025
+26662002404
+26663671195
+26666030065
+26663205290
+26628342003
+26665000422
+26663937470
+26663018990
+26657030882
+26659711276
+26658006909
+26659216416
+26659926637
+26659613777
+26657813026
+26658765253
+26658873828
+26658889373
+26658522488
+26658136301
+26658545289
+26659642965
+26653229910
+26658841187
+26658851922
+26658963226
+26650278368
+26658994140
+26658867322
+26659882868
+26653522995
+26658408824
+26658962261
+26659435358
+26658009017
+26657461591
+26659987588
+26658568267
+26663005555
+26662795959
+26658753319
+26658529011
+26658106365
+26659625020
+26650063818
+26663332260
+26662888234
+26658525568
+26650686319
+26663633049
+26667080977
+26658859556
+26650970005
+26658531752
+26658901470
+26653239425
+26659085182
+26659703901
+26663415540
+26659624309
+26658856608
+26650663851
+26656344373
+26665000219
+26662199084
+26658008311
+26662004130
+26662957279
+26658079956
+26658735644
+26659340278
+26658745451
+26650654375
+26657684285
+26650441400
+26657857709
+26665010392
+26658417266
+26650278026
+26667227204
+26658750162
+26659015747
+26658900877
+26663914425
+26659035874
+26663667211
+26663901491
+26658943276
+26658020146
+26662793551
+26653948053
+26658884005
+26664057766
+26658832961
+26663107319
+26658864042
+26658864100
+26656263092
+26663024930
+26658900850
+26664323986
+26659143978
+26663607648
+26663494340
+26658044430
+26658012817
+26658772662
+26658096059
+26657248390
+26659318096
+26658859008
+26653661032
+26658127148
+26656880447
+26656369783
+26653565929
+26659341586
+26656132285
+26663244525
+26659043091
+26668346217
+26657082770
+26656363607
+26659417330
+26658107701
+26657774091
+26658495924
+26659815558
+26657883229
+26658840430
+26653061509
+26650702446
+26658856971
+26658870635
+26659127978
+26662142420
+26658930218
+26657323739
+26653682547
+26650798005
+26656842928
+26657953600
+26656942673
+26658476914
+26656925975
+26658448199
+26659011656
+26653762901
+26658703431
+26657182867
+26658577088
+26659648840
+26666301171
+26663041060
+26668670391
+26663511845
+26656369909
+26657318170
+26653838206
+26658946890
+26657037064
+26658989744
+26650517592
+26659109078
+26659190082
+26656828764
+26658863631
+26651639905
+26656115282
+26662105954
+26656423053
+26663135698
+26650782624
+26658902305
+26662789018
+26659014289
+26658853348
+26658737372
+26659132813
+26658552223
+26658836362
+26653139665
+26659041902
+26658566424
+26658952770
+26663263100
+26663007497
+26658422082
+26653133818
+26663071884
+26658087351
+26664005252
+26658133061
+26663015293
+26658911156
+26662473348
+26662017583
+26662005606
+26650052718
+26667289509
+26663945383
+26668270461
+26665007576
+26668307516
+26650921560
+26658953155
+26658856398
+26658018580
+26658769067
+26659577717
+26658062337
+26659679355
+26659812633
+26658482233
+26663056913
+26662960601
+26663013253
+26658048551
+26653530269
+26659015211
+26658560334
+26653777723
+26658003003
+26659031603
+26657825010
+26659347630
+26657354577
+26658551955
+26657881022
+26658046571
+26656705638
+26650009513
+26659412276
+26658105747
+26658888357
+26658852926
+26659433463
+26663024637
+26663062865
+26653229020
+26659678757
+26662865814
+26657080000
+26657242197
+26650533943
+26663513314
+26656201622
+26657971118
+26658403478
+26662626162
+26658573499
+26657707261
+26658444988
+26658697699
+26653729986
+26658848837
+26666880061
+26658427605
+26658044700
+26658506882
+26663643224
+26653567677
+26656974517
+26653766590
+26650829468
+26651609663
+26656317336
+26650594030
+26659089731
+26663344290
+26662549884
+26668175746
+26658054415
+26657851460
+26653844875
+26658672008
+26662010712
+26667095112
+26658461893
+26663841693
+26656616110
+26659064196
+26658074394
+26650094211
+26662054195
+26663317860
+26663665499
+26663682066
+26658524388
+26650641390
+26662352115
+26658423604
+26657184657
+26662785334
+26663335379
+26658857649
+26663071534
+26662019007
+26657635244
+26659898933
+26663116242
+26659060116
+26650760131
+26663858268
+26651632700
+26659591923
+26657063106
+26658451362
+26663008066
+26668242943
+26662112388
+26666070575
+26663315748
+26662856818
+26628324220
+26667304787
+26666130055
+26665006532
+26663040994
+26662500965
+26658662162
+26657799034
+26659135952
+26663120505
+26653322087
+26658445624
+26650872231
+26663950477
+26653667024
+26662666501
+26656224950
+26662322115
+26657696401
+26658744273
+26659547104
+26658858805
+26659333369
+26663008743
+26653754484
+26650880689
+26658426203
+26658563895
+26656333356
+26656752797
+26667232737
+26658880663
+26658099412
+26658484414
+26658448292
+26658846109
+26658885444
+26659403447
+26658463023
+26658005204
+26668280238
+26658677818
+26662008270
+26658870916
+26656852278
+26650068197
+26657807546
+26657640056
+26656658036
+26659603937
+26662857507
+26668487465
+26650488783
+26668047332
+26659957015
+26658484606
+26659368344
+26658911118
+26650359395
+26656304578
+26650053389
+26666882503
+26651637899
+26656950187
+26657462057
+26656772981
+26668008314
+26658668965
+26663093302
+26653623833
+26650667733
+26653744169
+26653525003
+26663077782
+26658040694
+26662904590
+26650847555
+26659028444
+26666882050
+26657351878
+26656201658
+26653362757
+26663439973
+26656842996
+26658730305
+26658698661
+26659566342
+26659031646
+26650444012
+26662996699
+26662783030
+26663769873
+26656630904
+26658783030
+26658131290
+26659168033
+26658416725
+26658417522
+26650667750
+26659574444
+26658912954
+26657968315
+26658532062
+26663488626
+26658773423
+26653886139
+26657439525
+26659022343
+26653841341
+26663118466
+26659462550
+26659213245
+26658865355
+26662220345
+26663010368
+26663576819
+26662097102
+26663415160
+26662026713
+26663433163
+26666110092
+26662009669
+26666881545
+26658962434
+26658439674
+26659750125
+26651434715
+26658861869
+26653646962
+26659214660
+26659800004
+26658778133
+26653077972
+26656313457
+26658862533
+26656894723
+26659442780
+26658832029
+26658097102
+26657336200
+26650092737
+26653765814
+26657172735
+26658578836
+26658013956
+26657021377
+26658745897
+26650720320
+26658850049
+26658488949
+26658084253
+26650667109
+26650458614
+26658992081
+26650752095
+26656589856
+26657778765
+26657966444
+26650513723
+26658930415
+26658993627
+26658502783
+26656880577
+26656674619
+26657360905
+26658780377
+26657038626
+26658721242
+26658962045
+26657168026
+26663072669
+26658455590
+26658854801
+26658856978
+26658769786
+26658724530
+26657617315
+26662975655
+26662079800
+26662004630
+26653618817
+26658870159
+26650104384
+26656979791
+26658009028
+26658696300
+26657223203
+26659162883
+26653913217
+26663813352
+26663063110
+26662854048
+26663828314
+26662519163
+26663085798
+26662080008
+26667126469
+26662000029
+26663087498
+26663174545
+26668291960
+26667192691
+26663055525
+26666880935
+26662739827
+26663284791
+26662078410
+26664082211
+26668485635
+26666880361
+26663282406
+26653691205
+26659416495
+26657453974
+26659697001
+26658421042
+26656217929
+26658023152
+26653361871
+26658120500
+26656769300
+26650358896
+26658483546
+26656177991
+26657611745
+26659558680
+26657034485
+26659107533
+26650487559
+26658485160
+26658677041
+26657166187
+26659503200
+26658507658
+26650770093
+26658482951
+26653687749
+26656675697
+26657200983
+26658963508
+26658692772
+26658415235
+26658844251
+26658918936
+26658904998
+26653811179
+26659544666
+26657049248
+26650211825
+26657027560
+26659757549
+26656730858
+26658459588
+26658741156
+26658457906
+26659455096
+26658869008
+26659675609
+26658929782
+26658049192
+26659183113
+26653792733
+26659149361
+26658673764
+26659900455
+26650168482
+26650375738
+26653904728
+26658702428
+26658701977
+26651466450
+26658842191
+26658785326
+26650188929
+26657730392
+26658432997
+26653566818
+26653657534
+26659580290
+26650579127
+26659888820
+26659109454
+26659008802
+26659078766
+26659929843
+26657569268
+26659111345
+26653253228
+26663165671
+26659122679
+26650155286
+26663417580
+26658688880
+26657703136
+26658949445
+26658443053
+26657152872
+26650877240
+26658842964
+26656676020
+26663104635
+26658882840
+26658041355
+26658033236
+26667333193
+26658754285
+26653081381
+26658017238
+26658868372
+26658439653
+26658666342
+26662666342
+26659083766
+26658569179
+26658535822
+26658963956
+26656284741
+26663380761
+26653410405
+26653544776
+26650837140
+26659517429
+26656972740
+26662551107
+26658859224
+26657879110
+26659615001
+26656253647
+26658011248
+26659745372
+26663332704
+26663004505
+26659989841
+26663020079
+26653843073
+26653746189
+26650076001
+26657906970
+26667380117
+26657532390
+26658867145
+26651406105
+26658920349
+26658435527
+26657922315
+26657046066
+26663642284
+26658846382
+26658100565
+26650848203
+26656624026
+26658134076
+26662170859
+26658535284
+26658887310
+26651607102
+26653819197
+26658074444
+26658109323
+26658841231
+26656714332
+26659151662
+26656606412
+26656744636
+26653887163
+26658180732
+26658190715
+26658785091
+26653948081
+26657974276
+26667202880
+26658861361
+26656381738
+26667229012
+26663928434
+26662466090
+26658464813
+26650535372
+26658902982
+26658989776
+26659518885
+26657074629
+26656197733
+26659507451
+26659037573
+26658911020
+26662133788
+26662737778
+26662851716
+26668144144
+26662110110
+26663396738
+26658405065
+26658889748
+26656051707
+26659914723
+26658120732
+26666880014
+26666880915
+26667146838
+26663138460
+26663867303
+26663123780
+26663065293
+26663769908
+26666882516
+26663985914
+26664046967
+26666880500
+26662849564
+26663015586
+26663341630
+26666881063
+26663428754
+26668493154
+26658768084
+26658067056
+26656844136
+26656031048
+26657868788
+26658592648
+26650066599
+26657397919
+26658571118
+26658991861
+26659511337
+26657601327
+26650970551
+26656031060
+26658403975
+26656590636
+26657652490
+26657200028
+26658568274
+26657094964
+26653624402
+26656443867
+26656703952
+26658042606
+26656262671
+26658417790
+26656627165
+26657295178
+26659191305
+26653260531
+26658696793
+26659427334
+26659096534
+26659888999
+26657467517
+26656784970
+26659966599
+26653064465
+26650281230
+26657937693
+26656713163
+26658042760
+26658009942
+26656277594
+26658866029
+26657151544
+26656303811
+26650847176
+26658123838
+26650146592
+26653220769
+26653407671
+26659125765
+26658054614
+26657360605
+26656217883
+26657837131
+26659211870
+26658916361
+26659690532
+26658669586
+26653563759
+26658850113
+26656940464
+26658967196
+26657440389
+26653104427
+26658429414
+26653683182
+26658740277
+26659199222
+26658486898
+26650292924
+26666774054
+26659366351
+26659519795
+26658889376
+26650052152
+26658478197
+26658950094
+26658073114
+26650634218
+26653427755
+26650457933
+26658049333
+26656950730
+26651477800
+26658539902
+26650516123
+26658522649
+26658870036
+26659049102
+26659514529
+26656524496
+26653517975
+26658999999
+26657372450
+26658060131
+26659570776
+26658837380
+26658905482
+26659311618
+26663424626
+26659580483
+26650345553
+26668602081
+26658997599
+26658448483
+26658975501
+26658776784
+26657432829
+26657360676
+26663771572
+26658181302
+26657415742
+26666880261
+26662392115
+26657579752
+26656230259
+26658738213
+26653020697
+26657509298
+26658130360
+26653702400
+26666882326
+26653062904
+26658779865
+26650702381
+26650839152
+26658145921
+26658487573
+26656736435
+26658682323
+26659125250
+26658868522
+26663858418
+26653833253
+26658822424
+26662020586
+26664106146
+26656922138
+26658850013
+26653252406
+26662003878
+26657144972
+26653134581
+26663394605
+26653522023
+26659486860
+26659359805
+26658787299
+26663061630
+26662006826
+26663116440
+26650851792
+26658475214
+26659613878
+26656665074
+26653625523
+26658521549
+26653506589
+26662065353
+26657494727
+26653819904
+26653372564
+26658860186
+26663740015
+26663311888
+26663077624
+26657543255
+26659569249
+26668271540
+26659044354
+26663331531
+26663003494
+26668622417
+26663051808
+26662400009
+26663027450
+26663124687
+26663016969
+26667325026
+26662853389
+26653305906
+26659339514
+26656539978
+26657631443
+26651643772
+26658416368
+26658605438
+26658501173
+26658975555
+26653658859
+26658858766
+26650881136
+26656763333
+26658853340
+26650176460
+26659561258
+26650131852
+26658850151
+26658733144
+26653610662
+26665003248
+26666304440
+26663231953
+26662551155
+26650736261
+26653442478
+26659321827
+26658489175
+26658696797
+26653640128
+26653986688
+26658671517
+26663706515
+26653217501
+26656993434
+26657692312
+26659777999
+26656690626
+26663159442
+26667145662
+26663844155
+26662770031
+26658840033
+26656857463
+26656704196
+26656170850
+26651606544
+26650260830
+26650125526
+26659025390
+26656354600
+26656396945
+26653565070
+26659565724
+26656243729
+26656710208
+26658009477
+26657265001
+26657629142
+26663133352
+26656006444
+26659108039
+26653346005
+26656607876
+26658851587
+26658528273
+26658742272
+26659970433
+26663011576
+26656272504
+26658785703
+26658126805
+26658499779
+26658815043
+26663460303
+26659775092
+26653904556
+26659043539
+26658096632
+26650971036
+26658843390
+26653902212
+26658058117
+26662841220
+26653357082
+26653742970
+26662000063
+26658846543
+26659097180
+26656903112
+26658840271
+26659536021
+26663042297
+26659197561
+26658826717
+26656062227
+26659568468
+26663064898
+26658033719
+26658453802
+26658054495
+26658427228
+26650199982
+26659711811
+26653900422
+26658434267
+26650442120
+26658974603
+26659048603
+26653888822
+26658778359
+26659739661
+26658066669
+26657530318
+26658469506
+26650520570
+26656935206
+26659937181
+26658028081
+26665006533
+26662858763
+26665001493
+26662786339
+26668524825
+26667422651
+26663164019
+26656705367
+26659043330
+26656843456
+26658741800
+26658865401
+26656692340
+26658888321
+26650162229
+26665002960
+26653686803
+26659736315
+26657578806
+26658048816
+26658009891
+26662112418
+26668524957
+26664017575
+26668231377
+26663372000
+26663059408
+26662112352
+26663818440
+26663067075
+26663628306
+26662776646
+26663004414
+26663285361
+26662778887
+26667125050
+26658851185
+26658720125
+26651479165
+26658852389
+26658774369
+26656328140
+26658975583
+26658695382
+26658745765
+26658913609
+26659695260
+26658796073
+26656530670
+26658863948
+26653427123
+26659451245
+26658050818
+26658843371
+26650129790
+26658773132
+26658083609
+26650549666
+26658844702
+26653041101
+26656616504
+26658848888
+26658767922
+26658690570
+26658469225
+26658436071
+26658927940
+26658703345
+26658926450
+26658538137
+26656279753
+26659142175
+26653227422
+26658778392
+26658924831
+26659681889
+26656410368
+26659076047
+26659193756
+26658505656
+26659802844
+26658563783
+26656292383
+26658458373
+26657247222
+26659880998
+26663012559
+26662112411
+26653367757
+26659095049
+26658606227
+26658054328
+26650071879
+26658771237
+26662853340
+26658452540
+26658485554
+26651462638
+26650630782
+26653810402
+26658545346
+26658826046
+26653437877
+26658885898
+26666881052
+26663770597
+26666032129
+26663661726
+26658472526
+26650952707
+26659009630
+26667894947
+26657306659
+26663220676
+26659129990
+26650380684
+26663117318
+26658923319
+26658404560
+26663116069
+26659510452
+26656054253
+26662221208
+26658953228
+26658783610
+26657661868
+26663049305
+26659407201
+26658606164
+26658559771
+26659954718
+26658002336
+26658888344
+26658402594
+26658785334
+26658000170
+26658788179
+26657216992
+26658889041
+26659621184
+26658962352
+26658889397
+26653187910
+26658889003
+26664101469
+26668264737
+26658855835
+26658061222
+26658017048
+26658999474
+26656456444
+26657911570
+26659732546
+26658586314
+26663018976
+26651673587
+26658985122
+26658458032
+26664081864
+26658750948
+26659020130
+26658087758
+26668551166
+26663577634
+26653386964
+26663617859
+26658418356
+26657498313
+26658567350
+26658474243
+26653829677
+26666300094
+26658003751
+26668582892
+26658767886
+26653299888
+26659684435
+26658688658
+26656773436
+26657863047
+26662773029
+26663499194
+26650867242
+26659980085
+26650012480
+26659084028
+26658844285
+26663348574
+26659383476
+26658852147
+26663775705
+26628463099
+26657009644
+26658501694
+26666880444
+26663935755
+26651671608
+26658668608
+26658041645
+26658845943
+26658870991
+26666880256
+26658941675
+26656255057
+26667357076
+26658850053
+26663056075
+26659037047
+26662057054
+26663071848
+26658559885
+26662857662
+26657184377
+26667999696
+26659380175
+26658080657
+26657754365
+26657773488
+26658505556
+26658025033
+26650125434
+26662100878
+26658108608
+26663329017
+26659509072
+26658781084
+26658697992
+26657783631
+26659167524
+26658018255
+26658882116
+26650543450
+26658855599
+26659048890
+26657747680
+26657643278
+26659882867
+26657948511
+26659805211
+26657824992
+26659774811
+26662439235
+26657426561
+26658847984
+26658466869
+26658832279
+26658751559
+26668264329
+26653148773
+26668132706
+26659001209
+26657825408
+26663014465
+26662827487
+26659001107
+26658051881
+26663468707
+26663010562
+26662950600
+26662824584
+26664040300
+26658994053
+26659075577
+26653398198
+26659044776
+26650276197
+26658880305
+26658840676
+26658779426
+26658852292
+26653565538
+26658883294
+26658748166
+26658984104
+26658417220
+26659420454
+26658438572
+26662781414
+26658067550
+26657484573
+26663674917
+26653557574
+26664037881
+26666880265
+26663725737
+26668316272
+26665010109
+26663618252
+26628319456
+26662333332
+26666880117
+26664058581
+26663279403
+26666882717
+26667978013
+26664008200
+26659469645
+26658962510
+26653123027
+26657436201
+26657686954
+26656703162
+26658772793
+26656111941
+26657101957
+26659610144
+26656136471
+26658062839
+26657168967
+26657736094
+26659226421
+26658425803
+26659621940
+26656414723
+26658836660
+26656267522
+26659533532
+26659807102
+26658814668
+26659472880
+26658129236
+26650141606
+26650751296
+26659001220
+26659035768
+26653395315
+26659905553
+26659047373
+26657917022
+26656412275
+26656519858
+26658066004
+26650513366
+26659575277
+26658586174
+26650866433
+26658557799
+26658588702
+26658865472
+26657941255
+26658107716
+26657438301
+26658959229
+26659338838
+26658583287
+26658755334
+26658732799
+26653349127
+26658421246
+26657787113
+26656780993
+26659043403
+26659479616
+26658537039
+26663799777
+26666327018
+26664040564
+26658863944
+26658749410
+26653020156
+26658567839
+26663771652
+26663911577
+26668244464
+26663114551
+26657083966
+26659759996
+26657195447
+26650834043
+26653012519
+26657138110
+26653698655
+26658772074
+26666322803
+26653129433
+26657313909
+26658947661
+26653168587
+26659004829
+26659977349
+26659333329
+26659989666
+26668058481
+26659140447
+26657238825
+26657307259
+26650590254
+26650260708
+26657578938
+26658559530
+26662200846
+26663005750
+26663644994
+26662221204
+26662210101
+26653563995
+26653034520
+26662220092
+26657026433
+26666340158
+26656616820
+26664055424
+26658778348
+26659096031
+26663277060
+26650130934
+26656905581
+26656101900
+26663629280
+26664030142
+26665001110
+26668640565
+26668102380
+26663515248
+26663090238
+26667439723
+26650851954
+26656439461
+26650395195
+26659968159
+26656362924
+26656538281
+26658053090
+26658584495
+26651490851
+26656008425
+26653043594
+26656437631
+26656942592
+26653260653
+26653061401
+26658486896
+26657421049
+26658569733
+26650324494
+26658058996
+26659731915
+26658778839
+26659864680
+26653743548
+26659783462
+26650164202
+26663073549
+26658954664
+26666881111
+26658419188
+26659404664
+26662320529
+26656976224
+26658972900
+26658669166
+26656630081
+26663686166
+26656423056
+26657526175
+26658948783
+26659121610
+26664016945
+26663049281
+26667908865
+26656843854
+26658418293
+26656293517
+26656781450
+26657177777
+26659134152
+26650766252
+26659315659
+26650295870
+26653382685
+26653020392
+26656046252
+26658696582
+26650054555
+26657176009
+26650070791
+26650223214
+26650635925
+26659988268
+26656970567
+26658860374
+26658904338
+26663145671
+26662228899
+26659657149
+26659017812
+26668400215
+26658769416
+26657251972
+26663897949
+26653185310
+26668418204
+26650310024
+26658003313
+26658915435
+26663004889
+26663017324
+26663116295
+26668307500
+26663233038
+26668607545
+26663695929
+26663901472
+26663007476
+26666108031
+26663119837
+26662262202
+26662228240
+26663738740
+26668206054
+26667259622
+26662320494
+26662027810
+26663007809
+26663842145
+26663652492
+26656246753
+26653789171
+26658069894
+26658905045
+26650077225
+26657006097
+26656920470
+26659070635
+26659160837
+26658837497
+26658593593
+26658137908
+26658992856
+26657068182
+26658724114
+26657264820
+26658523124
+26657237790
+26658796077
+26658857048
+26658944260
+26658745801
+26656959057
+26658403394
+26656940500
+26658834441
+26658946102
+26658723164
+26658540726
+26653830345
+26659148749
+26658508674
+26659068699
+26657493288
+26658467259
+26658412124
+26658476876
+26656756208
+26659709626
+26656603270
+26658769304
+26653780087
+26659390903
+26656203316
+26650573897
+26658738646
+26658427021
+26658868425
+26659588610
+26658129441
+26658555494
+26650867651
+26658914621
+26657207119
+26657487513
+26650478510
+26658525970
+26658663088
+26658718744
+26658726906
+26658418623
+26659025588
+26658812716
+26650598862
+26650059075
+26658952660
+26658870352
+26650502474
+26663431345
+26663442151
+26662780481
+26663126918
+26662111053
+26658105336
+26658901580
+26659435429
+26658476103
+26658092545
+26650269413
+26659504356
+26650875773
+26653124376
+26658042038
+26658503586
+26658605501
+26650112421
+26659322162
+26658918929
+26658840469
+26658870751
+26658847696
+26653223677
+26658501548
+26663864533
+26650501935
+26658598271
+26662975965
+26658835050
+26658779291
+26658858152
+26658107877
+26658666203
+26662715729
+26662002292
+26659782626
+26663410673
+26656626532
+26664020365
+26653778944
+26650568860
+26663229459
+26657960214
+26656290964
+26663036153
+26662878485
+26658533639
+26656932201
+26658849072
+26659398725
+26658763131
+26659085369
+26662320340
+26663488891
+26659090429
+26656765075
+26662777111
+26663245100
+26663330285
+26663071155
+26663010327
+26653255028
+26653430026
+26656536782
+26657083112
+26657108670
+26658859517
+26653340476
+26658945090
+26653625828
+26658064777
+26650181347
+26656155478
+26658796496
+26658591656
+26658675078
+26658703372
+26663622973
+26668691197
+26658060203
+26653789031
+26658883000
+26656215329
+26662223888
+26658019839
+26667999830
+26662479616
+26662006460
+26663008586
+26658719697
+26658715607
+26658869670
+26653847272
+26650042300
+26658495682
+26663396234
+26662104818
+26656589165
+26658442816
+26658853556
+26657201162
+26657616847
+26656500812
+26658758585
+26658514136
+26659774286
+26658850376
+26651605019
+26650502826
+26658704094
+26658473052
+26658759247
+26650117979
+26659448114
+26658846810
+26656114546
+26658865332
+26657374722
+26658594832
+26658123188
+26658787481
+26658850466
+26659647828
+26653888657
+26658779497
+26667852515
+26668666125
+26663176940
+26663300303
+26656716523
+26657033057
+26653382377
+26656506092
+26650068667
+26658704708
+26658842369
+26658023447
+26666031245
+26663828222
+26663900600
+26663429891
+26664304078
+26662200664
+26662630111
+26664002411
+26662851513
+26668412206
+26663793511
+26663005529
+26664086284
+26663087951
+26663072382
+26662854117
+26666880040
+26663073225
+26662829877
+26662846557
+26662050657
+26668405100
+26662017810
+26666321388
+26659502337
+26657542568
+26659937000
+26659583653
+26658553272
+26658681269
+26656974956
+26658187111
+26658855338
+26658866243
+26657037798
+26658047120
+26657823313
+26659340996
+26653983488
+26656822679
+26650001917
+26650829266
+26659803122
+26659197475
+26658846557
+26659154714
+26650217911
+26659916239
+26659947590
+26658025298
+26658831484
+26653734031
+26658064408
+26658945540
+26656361935
+26650153175
+26659015451
+26653869261
+26659169388
+26658845472
+26656655913
+26650055063
+26650052910
+26653067010
+26659461722
+26658988257
+26659396717
+26658081046
+26657141344
+26657798878
+26657778873
+26657903901
+26658990313
+26659908410
+26659507872
+26653895166
+26659613731
+26658850072
+26658010997
+26657027203
+26657641898
+26658869574
+26653894584
+26659502161
+26658850709
+26657365762
+26656115523
+26653536875
+26650441271
+26658975012
+26656121431
+26656917353
+26657002999
+26658469925
+26659077478
+26657846348
+26653648307
+26656668868
+26659785720
+26657969000
+26659338616
+26657287034
+26657705531
+26658072220
+26650509087
+26653763126
+26657380606
+26650018899
+26656668186
+26658066820
+26653108185
+26657439983
+26653702781
+26657650079
+26659533739
+26656823911
+26658910338
+26658731188
+26659889784
+26650569253
+26653029475
+26657846307
+26663240703
+26662188688
+26663146527
+26663240820
+26662595654
+26656202638
+26650249599
+26659430556
+26657151364
+26650261623
+26657927965
+26650530170
+26658414462
+26659732213
+26657963413
+26658748389
+26658003489
+26658433007
+26659083400
+26658426830
+26658739900
+26663207667
+26658669968
+26668354815
+26663568942
+26664008451
+26656591089
+26650872896
+26657013015
+26658565325
+26658852462
+26662856029
+26653626825
+26658706070
+26662989744
+26657511125
+26659546071
+26658856029
+26656081094
+26653501301
+26650562936
+26657721585
+26650053229
+26664040900
+26658993663
+26658495959
+26656385598
+26650292988
+26659613715
+26657252770
+26650273277
+26650775420
+26653191465
+26664039411
+26653307122
+26653556560
+26656708786
+26659468048
+26657042321
+26653468881
+26656940521
+26656830425
+26657960070
+26658541765
+26659904248
+26658522552
+26658517151
+26659628304
+26668072255
+26656946251
+26662112362
+26650474133
+26650703693
+26658949335
+26650187095
+26659740624
+26657246132
+26657184078
+26667327732
+26651495741
+26656107789
+26667179115
+26664079010
+26656677051
+26657484347
+26666882677
+26656842377
+26658079661
+26658412380
+26650350057
+26658139905
+26656378172
+26658855066
+26663646705
+26659480997
+26658098446
+26668556468
+26658039785
+26658100196
+26659751929
+26657221989
+26659575493
+26663441636
+26658927695
+26663344677
+26657403579
+26658507977
+26653077299
+26657005353
+26668261270
+26662701790
+26658597581
+26658779659
+26656505243
+26659132779
+26658676203
+26656920496
+26659211832
+26658855504
+26653064259
+26659209412
+26658120508
+26657132782
+26656478087
+26658750180
+26656668846
+26658040858
+26658455367
+26658464778
+26653729277
+26653729191
+26663849163
+26658998096
+26650715836
+26659493715
+26657201099
+26656439489
+26663148864
+26659720441
+26663655772
+26658077611
+26656369617
+26659201762
+26658501401
+26658826107
+26667439960
+26656839669
+26659603507
+26663298288
+26650643014
+26659616401
+26658050477
+26658462033
+26653260155
+26658957443
+26650359018
+26659099569
+26658013657
+26653869028
+26653783474
+26658721202
+26658453505
+26659600237
+26659643116
+26659598243
+26664060579
+26657295252
+26650148961
+26653354820
+26663291205
+26666880608
+26666882964
+26662002200
+26656913833
+26658924146
+26658955396
+26659598330
+26657499945
+26656277919
+26653359285
+26657141351
+26651643294
+26658889049
+26651415093
+26668565118
+26663152333
+26653018056
+26650898913
+26656122312
+26656479270
+26653065047
+26658410256
+26658099673
+26659970444
+26658754288
+26659627706
+26658007234
+26656477453
+26659567834
+26658854409
+26658030729
+26659146399
+26659594138
+26653842999
+26658467676
+26651704327
+26650251029
+26657240341
+26650519640
+26659657313
+26668627750
+26666880080
+26666882317
+26666880893
+26659383412
+26650406592
+26656788598
+26658021308
+26657711110
+26657001424
+26658889956
+26658908254
+26653442813
+26656408216
+26651732775
+26656945217
+26653034453
+26651489293
+26650128378
+26650236022
+26650916770
+26650489496
+26659680909
+26657238728
+26653903139
+26658039493
+26656030973
+26653044954
+26656695466
+26651415143
+26656236781
+26659091127
+26658489360
+26659968161
+26650038849
+26656309055
+26656844396
+26657637777
+26656842835
+26666881290
+26658131482
+26651614138
+26650887967
+26653895152
+26658423628
+26656675605
+26658925184
+26664000242
+26656829649
+26653829649
+26663070721
+26663016980
+26663310617
+26664002121
+26653571600
+26658993896
+26653510356
+26657616124
+26659897931
+26650869271
+26658120267
+26653302163
+26650535042
+26658502443
+26659979700
+26650868495
+26663829391
+26666880074
+26666880004
+26658834009
+26658909215
+26650488971
+26650868985
+26658863163
+26657166035
+26668123258
+26656925593
+26658093578
+26663524535
+26658074114
+26650808426
+26657897577
+26659465915
+26659159584
+26658594581
+26659333647
+26653845651
+26662244345
+26656904153
+26653359740
+26658597176
+26663724444
+26663481036
+26650218652
+26658606715
+26650668288
+26658542268
+26658599936
+26658088444
+26657945900
+26658448427
+26650441429
+26650810040
+26658034668
+26657136232
+26657142268
+26658827000
+26658136397
+26658870655
+26651619621
+26659600105
+26650065176
+26650357157
+26658604023
+26659813269
+26668082500
+26659423735
+26662000001
+26652000001
+26650053707
+26658849424
+26656048018
+26658860252
+26662984141
+26653136993
+26656714873
+26658643093
+26672000001
+26665000001
+26665099991
+26665077777
+2666608888
+2.6666E+11
+26658564302
+26650506300
+26659678081
+26653829902
+26656405558
+26656195739
+26656052271
+26656466461
+26659057666
+26650345368
+26663460084
+26653359743
+26656395707
+26657096120
+26658994243
+26653980627
+26656234328
+26658409451
+26658760194
+26659416769
+26659613817
+26658747835
+26656528834
+26656209332
+26659901500
+26653257295
+26659802776
+26668380434
+26663504639
+26653893983
+26656837978
+26658967037
+26658690505
+26653702211
+26650915032
+26653148478
+26668274680
+26663076883
+26650867239
+26650095195
+26653821623
+26656825630
+26658670126
+26656368611
+26656942271
+26650265148
+26657967092
+26653367888
+26656508096
+26653625287
+26658605328
+26653976693
+26667141866
+26659758783
+26668536117
+26658845102
+26659166891
+26657706528
+26658512908
+26658024071
+26657042698
+26658058612
+26658909615
+26657313975
+26658688637
+26658487177
+26656843438
+26659205564
+26650870946
+26658881930
+26650922705
+26656242908
+26658684819
+26659467472
+26662226006
+26668189204
+26659603192
+26650098947
+26656702779
+26656712146
+26656913413
+26658493642
+26657534990
+26656938446
+26657324502
+26653788256
+26651609106
+26667853753
+26650872423
+26668344544
+26653461878
+26667197521
+26658771196
+26656570609
+26667257288
+26663138393
+26658668462
+26650340365
+26657442614
+26650911918
+26659528994
+26657164171
+26668399376
+26658578727
+26664027000
+26668581016
+26656056126
+26656830956
+26657039930
+26653553550
+26650766149
+26659163056
+26663489435
+26653477049
+26653430453
+26659409036
+26657284433
+26656523498
+26657117533
+26658664359
+26650783141
+26653227691
+26659453992
+26657912022
+26653789061
+26658554489
+26656787179
+26650016764
+26668549444
+26658729676
+26663122755
+26657572496
+26650859964
+26653078616
+26659447476
+26650852417
+26653654411
+26653449156
+26659020647
+26659731667
+26657153096
+26651464813
+26658766841
+26657349451
+26651796961
+26653556925
+26650082555
+26650518216
+26658441028
+26651499612
+26659009989
+26656278576
+26658950008
+26656583575
+26656934478
+26651424571
+26668654856
+26657473783
+26657527554
+26653449166
+26653766185
+26658484740
+26658682315
+26657205711
+26658906922
+26651643367
+26659346121
+26659190151
+26650023503
+26657433152
+26659500810
+26659225348
+26656751909
+26657076258
+26656269599
+26659456508
+26656654935
+26656216892
+26657139916
+26657495340
+26659119607
+26656183209
+26650954521
+26651646136
+26650226447
+26658887366
+26650838673
+26650518228
+26653796617
+26658662020
+26653383251
+26651609363
+26656454446
+26659728669
+26658839675
+26663044906
+26650671529
+26658759244
+26663661637
+26653536332
+26653176114
+26658823707
+26663166005
+26657089422
+26664022458
+26651645784
+26653845872
+26658839399
+26650223964
+26663790062
+26663806808
+26651638787
+26658541706
+26658765000
+26653505634
+26659704362
+26658486390
+26663864064
+26667994443
+26659077179
+26653373339
+26663969118
+26656370899
+26658720510
+26663988319
+26653717948
+26650672168
+26653712130
+26663987559
+26658680552
+26663286736
+26656492075
+26653765039
+26650224330
+26656429965
+26659116804
+26663709977
+26653340020
+26658594382
+26664059049
+26663808685
+26656296546
+26650698150
+26653411432
+26657777749
+26658725161
+26662202000
+26659959910
+26656626944
+26650533457
+26658881000
+26659023367
+26653472640
+26656231360
+26658429136
+26656104796
+26659034932
+26658813388
+26650544770
+26662228080
+26650149645
+26653265237
+26658451516
+26650927948
+26656051556
+26668400130
+26653991687
+26658495344
+26656898421
+26650538954
+26664301068
+26657587416
+26668518107
+26662006660
+26650306208
+26658401030
+26650407781
+26653181935
+26650858759
+26668124216
+26658186303
+26662222101
+26659783923
+26651748110
+26658489195
+26663004828
+26658432583
+26653180950
+26653950031
+26657783581
+26653158061
+26653522622
+26659948299
+26657582318
+26668607554
+26653977990
+26650593152
+26663672440
+26664062990
+26653387163
+26658800312
+26658426747
+26667172136
+26659210903
+26650545672
+26658856529
+26667942882
+26659598219
+26662222884
+26668271635
+26656958808
+26662760803
+26663856589
+26662224206
+26656707087
+26658073711
+26659420962
+26656446569
+26659758417
+26657180897
+26656723620
+26658153626
+26659605300
+26662780233
+26658927167
+26658466412
+26657758787
+26656330545
+26659045776
+26668654821
+26659020404
+26658855656
+26659728142
+26659391634
+26659755630
+26658975938
+26658051691
+26657568089
+26658789018
+26657892881
+26656741576
+26653477028
+26656753115
+26662022396
+26653626103
+26658813634
+26656981671
+26657321691
+26657283017
+26658425310
+26658482808
+26650194107
+26650222785
+26653260828
+26659534738
+26653975009
+26659622828
+26653185419
+26666031788
+26663007108
+26658883407
+26650496131
+26668484960
+26656823682
+26665001306
+26653326236
+26657281187
+26664000014
+26658468068
+26658494201
+26663864962
+26653872925
+26663776600
+26650514237
+26666772610
+26651642307
+26650852581
+26656876987
+26650359352
+26657110142
+26659464395
+26659992094
+26650743889
+26659709669
+26658522880
+26658025493
+26663819341
+26663130115
+26658503852
+26658063513
+26653764312
+26656520256
+26659150723
+26663634004
+26657006200
+26656185269
+26658840909
+26657874154
+26668282548
+26657314571
+26658441069
+26658475414
+26659963564
+26658539217
+26659806601
+26658048065
+26659941231
+26650709080
+26662282122
+26653742298
+26658078881
+26651646828
+26659455214
+26650960604
+26657019457
+26653371932
+26656691832
+26662282012
+26653305762
+26657332474
+26656005012
+26662009539
+26667974048
+26657255841
+26662131294
+26659460871
+26668055530
+26663959301
+26658752338
+26653442854
+26656108561
+26650509689
+26658484150
+26656550675
+26657520294
+26659441627
+26650503873
+26659452705
+26656530066
+26663838500
+26653873221
+26659167912
+26656913900
