+26628310985
+26628314120
+26628335585
+26650009004
+26650023178
+26650038596
+26650039157
+26650045207
+26650069081
+26650077854
+26650080022
+26650082519
+26650087045
+26650106639
+26650117996
+26650129623
+26650137456
+26650153038
+26650162267
+26650179805
+26650181216
+26650208007
+26650210863
+26650212470
+26650222462
+26650223054
+26650223803
+26650224546
+26650253782
+26650253919
+26650263665
+26650268451
+26650269792
+26650291666
+26650292861
+26650320168
+26650320255
+26650327526
+26650381535
+26650407794
+26650449251
+26650474852
+26650508983
+26650521747
+26650533033
+26650536538
+26650559026
+26650562973
+26650568583
+26650579149
+26650585365
+26650585587
+26650596904
+26650625591
+26650629571
+26650640000
+26650644922
+26650667993
+26650675330
+26650676779
+26650685137
+26650707750
+26650719076
+26650727623
+26650729740
+26650757343
+26650778453
+26650782669
+26650796670
+26650799038
+26650815267
+26650836759
+26650847839
+26650868775
+26650869050
+26650872848
+26650877793
+26650890076
+26650890994
+26650898585
+26650922727
+26650924084
+26650937368
+26650966889
+26650987975
+26651411386
+26651415609
+26651439676
+26651488437
+26651494852
+26651604436
+26651606692
+26651643034
+26651652451
+26653017247
+26653030207
+26653034273
+26653036095
+26653059004
+26653072147
+26653079859
+26653081103
+26653081332
+26653082819
+26653173535
+26653194203
+26653194985
+26653196748
+26653197692
+26653233760
+26653234326
+26653234892
+26653253533
+26653253660
+26653260273
+26653284932
+26653288800
+26653304339
+26653320833
+26653350247
+26653359842
+26653395810
+26653408241
+26653468451
+26653469237
+26653503212
+26653507509
+26653522970
+26653540542
+26653627886
+26653652956
+26653658857
+26653755178
+26653761542
+26653762143
+26653762284
+26653763617
+26653764035
+26653765739
+26653782409
+26653785774
+26653788446
+26653792728
+26653827682
+26653828302
+26653829405
+26653836561
+26653838420
+26653872896
+26653885024
+26653897032
+26653908806
+26653914013
+26653993064
+26653999788
+26656039762
+26656043466
+26656049016
+26656101187
+26656111263
+26656134027
+26656144317
+26656154542
+26656168968
+26656172676
+26656175883
+26656177998
+26656202525
+26656204702
+26656209079
+26656210492
+26656215264
+26656225409
+26656235023
+26656237455
+26656260907
+26656273963
+26656286073
+26656296567
+26656297777
+26656300025
+26656300736
+26656301836
+26656313920
+26656317429
+26656330349
+26656346785
+26656376328
+26656381538
+26656390216
+26656392350
+26656403617
+26656410890
+26656414521
+26656432336
+26656446211
+26656468601
+26656501126
+26656503019
+26656503608
+26656506510
+26656523604
+26656532653
+26656539191
+26656546152
+26656559728
+26656571245
+26656597966
+26656613503
+26656615559
+26656622663
+26656626732
+26656629199
+26656630534
+26656630761
+26656633900
+26656664714
+26656665485
+26656668699
+26656681111
+26656694413
+26656699742
+26656700367
+26656701533
+26656705584
+26656714396
+26656719394
+26656720504
+26656727909
+26656742704
+26656744665
+26656753226
+26656763970
+26656770704
+26656771943
+26656773402
+26656782898
+26656785630
+26656801584
+26656832030
+26656846411
+26656858497
+26656882864
+26656888824
+26656888905
+26656893682
+26656895189
+26656896994
+26656902468
+26656903753
+26656909151
+26656931067
+26656932244
+26656939852
+26656940409
+26656983302
+26657001574
+26657009755
+26657016453
+26657020564
+26657028227
+26657032918
+26657033312
+26657047283
+26657060709
+26657067358
+26657068425
+26657075650
+26657080117
+26657096053
+26657098758
+26657102022
+26657115556
+26657121333
+26657137920
+26657143445
+26657181536
+26657204724
+26657211120
+26657252082
+26657257596
+26657276491
+26657279190
+26657288291
+26657292532
+26657296907
+26657303704
+26657304460
+26657312885
+26657321468
+26657323772
+26657326400
+26657333300
+26657333667
+26657335869
+26657339844
+26657341567
+26657401266
+26657402733
+26657408426
+26657421842
+26657445205
+26657448277
+26657468245
+26657469549
+26657474772
+26657485307
+26657502139
+26657519747
+26657525540
+26657534123
+26657535247
+26657538722
+26657577963
+26657578073
+26657624849
+26657633333
+26657650006
+26657652906
+26657682818
+26657723950
+26657731146
+26657756292
+26657758668
+26657774297
+26657791697
+26657806780
+26657827737
+26657835258
+26657844658
+26657878181
+26657878542
+26657879236
+26657882828
+26657883998
+26657885339
+26657887897
+26657888578
+26657890288
+26657908118
+26657908188
+26657922583
+26657942287
+26657992822
+26658001813
+26658004284
+26658004446
+26658006765
+26658010912
+26658011007
+26658011133
+26658015889
+26658018180
+26658020866
+26658022800
+26658023031
+26658024466
+26658026713
+26658028738
+26658030008
+26658033011
+26658035511
+26658036313
+26658036904
+26658041517
+26658043648
+26658044955
+26658047121
+26658050951
+26658051064
+26658053174
+26658054046
+26658055936
+26658056000
+26658056207
+26658056738
+26658057068
+26658061049
+26658061914
+26658061933
+26658062547
+26658067335
+26658070745
+26658073368
+26658073874
+26658077102
+26658077482
+26658084045
+26658084068
+26658086390
+26658088069
+26658088750
+26658089492
+26658090944
+26658091390
+26658094049
+26658094164
+26658096071
+26658096079
+26658098209
+26658099704
+26658103370
+26658104202
+26658105201
+26658105607
+26658106992
+26658107257
+26658122185
+26658123099
+26658123759
+26658125987
+26658128771
+26658134914
+26658137554
+26658140617
+26658146247
+26658152963
+26658401378
+26658402346
+26658404488
+26658404977
+26658411185
+26658412555
+26658413680
+26658415357
+26658423200
+26658425401
+26658425822
+26658429320
+26658430115
+26658437892
+26658450234
+26658450771
+26658459182
+26658471876
+26658472249
+26658473053
+26658475161
+26658475348
+26658475555
+26658484575
+26658488767
+26658490726
+26658502532
+26658505518
+26658515047
+26658523928
+26658526211
+26658526865
+26658530872
+26658534552
+26658535097
+26658536476
+26658537907
+26658541393
+26658552455
+26658564679
+26658566934
+26658568160
+26658573533
+26658573946
+26658575582
+26658577567
+26658586354
+26658587716
+26658588902
+26658588985
+26658598908
+26658598959
+26658608142
+26658660331
+26658661339
+26658667538
+26658674696
+26658677237
+26658679423
+26658680085
+26658680474
+26658681546
+26658692341
+26658693642
+26658694324
+26658697167
+26658697552
+26658701932
+26658709097
+26658709870
+26658710280
+26658710713
+26658711164
+26658711322
+26658714244
+26658717037
+26658718927
+26658725902
+26658727508
+26658733181
+26658733952
+26658734031
+26658736937
+26658737179
+26658737830
+26658741112
+26658742114
+26658744219
+26658746447
+26658750036
+26658754207
+26658757927
+26658758012
+26658760058
+26658760969
+26658764333
+26658765079
+26658767297
+26658769800
+26658771057
+26658771693
+26658771762
+26658773278
+26658774052
+26658784286
+26658786339
+26658787833
+26658793627
+26658793851
+26658794271
+26658811547
+26658817549
+26658818118
+26658826621
+26658827474
+26658830099
+26658832093
+26658832864
+26658834159
+26658835617
+26658837623
+26658837811
+26658838424
+26658840034
+26658840082
+26658841063
+26658841958
+26658842324
+26658842830
+26658843972
+26658844571
+26658845816
+26658847523
+26658847772
+26658849111
+26658850125
+26658850154
+26658850290
+26658850812
+26658850891
+26658851455
+26658851595
+26658851751
+26658851807
+26658851946
+26658852825
+26658853799
+26658854268
+26658855511
+26658855573
+26658856651
+26658857001
+26658858229
+26658858817
+26658858902
+26658860096
+26658860310
+26658860449
+26658861014
+26658861111
+26658861253
+26658863461
+26658865319
+26658865530
+26658866310
+26658867905
+26658868293
+26658870239
+26658880005
+26658880016
+26658880162
+26658880329
+26658881788
+26658882049
+26658882127
+26658882258
+26658882444
+26658883409
+26658883412
+26658883541
+26658883639
+26658885541
+26658887372
+26658887476
+26658888007
+26658888117
+26658889452
+26658901891
+26658902240
+26658902667
+26658904357
+26658909766
+26658910442
+26658916945
+26658919944
+26658921010
+26658921364
+26658924212
+26658924764
+26658927537
+26658928977
+26658932306
+26658940634
+26658947001
+26658947154
+26658950301
+26658953618
+26658955958
+26658958083
+26658959595
+26658960590
+26658970022
+26658974141
+26658975621
+26658987727
+26658988270
+26658997432
+26659002464
+26659005198
+26659008175
+26659014205
+26659017904
+26659022270
+26659026260
+26659028858
+26659029983
+26659030159
+26659030513
+26659031616
+26659040215
+26659048919
+26659050556
+26659051356
+26659052270
+26659053268
+26659056213
+26659059880
+26659064777
+26659066368
+26659078551
+26659089602
+26659090916
+26659093615
+26659099167
+26659100942
+26659103607
+26659103744
+26659111250
+26659115359
+26659133232
+26659139738
+26659142044
+26659145580
+26659145768
+26659161673
+26659167744
+26659169959
+26659182197
+26659188178
+26659191132
+26659192347
+26659198933
+26659199084
+26659205651
+26659207879
+26659208452
+26659220002
+26659223090
+26659228263
+26659313966
+26659316473
+26659330278
+26659348400
+26659363801
+26659390431
+26659399184
+26659405691
+26659411290
+26659414779
+26659415900
+26659418660
+26659431058
+26659433635
+26659439544
+26659444995
+26659459328
+26659466090
+26659481240
+26659481906
+26659484406
+26659485287
+26659488077
+26659490969
+26659491042
+26659492000
+26659494957
+26659498083
+26659503084
+26659506071
+26659507227
+26659507633
+26659527665
+26659528222
+26659544942
+26659545111
+26659547050
+26659549819
+26659552545
+26659563349
+26659569745
+26659576428
+26659576690
+26659597353
+26659601622
+26659620944
+26659633037
+26659636695
+26659648198
+26659648286
+26659648971
+26659655210
+26659659993
+26659663595
+26659671310
+26659674139
+26659686316
+26659701069
+26659710611
+26659711566
+26659720910
+26659723531
+26659733902
+26659748888
+26659756257
+26659775436
+26659781854
+26659784037
+26659791424
+26659795219
+26659799534
+26659801649
+26659812920
+26659822764
+26659864072
+26659866873
+26659868577
+26659870806
+26659873236
+26659880430
+26659900718
+26659910747
+26659921920
+26659925065
+26659925515
+26659933568
+26659937915
+26659938125
+26659953327
+26659961144
+26659968286
+26659972052
+26659980243
+26659980812
+26659991983
+26662000018
+26662000024
+26662000039
+26662000088
+26662000125
+26662000126
+26662000444
+26662000669
+26662000929
+26662001800
+26662002120
+26662002324
+26662003740
+26662003818
+26662005252
+26662006864
+26662008836
+26662009633
+26662020564
+26662052003
+26662054954
+26662078633
+26662084068
+26662096730
+26662103411
+26662103543
+26662112393
+26662112463
+26662125522
+26662134443
+26662173789
+26662191000
+26662196666
+26662200125
+26662200599
+26662204388
+26662220003
+26662221113
+26662221622
+26662221900
+26662221980
+26662222235
+26662222268
+26662222275
+26662223599
+26662227799
+26662228584
+26662262286
+26662+266227
+26662306119
+26662333388
+26662334400
+26662336166
+26662350035
+26662420923
+26662428838
+26662433674
+26662443828
+26662451333
+26662460090
+26662461567
+26662497000
+26662499555
+26662532661
+26662549631
+26662555544
+26662559750
+26662624526
+26662642114
+26662668742
+26662696999
+26662718072
+26662725005
+26662728990
+26662732732
+26662741806
+26662744273
+26662768941
+26662770077
+26662775474
+26662776779
+26662778657
+26662782779
+26662801414
+26662805010
+26662817073
+26662842369
+26662845787
+26662846810
+26662850390
+26662850886
+26662855153
+26662862795
+26662865710
+26662867241
+26662868190
+26662870568
+26662902240
+26662903550
+26662908535
+26662915915
+26662932306
+26662946974
+26662955627
+26663001094
+26663002540
+26663003938
+26663005273
+26663007663
+26663008085
+26663010129
+26663010189
+26663012046
+26663012482
+26663019266
+26663020950
+26663023934
+26663025626
+26663030816
+26663031651
+26663038409
+26663044994
+26663045144
+26663047265
+26663050934
+26663055890
+26663067056
+26663067308
+26663069791
+26663074555
+26663098061
+26663099023
+26663100882
+26663101199
+26663102000
+26663102580
+26663113401
+26663115829
+26663117900
+26663118566
+26663122691
+26663130649
+26663156031
+26663160774
+26663174497
+26663177698
+26663184364
+26663198273
+26663199682
+26663200101
+26663202303
+26663210042
+26663215264
+26663221730
+26663222180
+26663226836
+26663249236
+26663265442
+26663266166
+26663295518
+26663295560
+26663338950
+26663361276
+26663367122
+26663371581
+26663377196
+26663378943
+26663395401
+26663396990
+26663401414
+26663417894
+26663431777
+26663437719
+26663438730
+26663441241
+26663441988
+26663484231
+26663489214
+26663502835
+26663503672
+26663510266
+26663518792
+26663564203
+26663566567
+26663567534
+26663595544
+26663600382
+26663607580
+26663618585
+26663619981
+26663646364
+26663654556
+26663667919
+26663669292
+26663701414
+26663719637
+26663735667
+26663759372
+26663760066
+26663774497
+26663780628
+26663791866
+26663820835
+26663846888
+26663861232
+26663863638
+26663877883
+26663879629
+26663892697
+26663899735
+26663929482
+26663939900
+26663941477
+26663942668
+26663950668
+26663951098
+26663958269
+26663974085
+26663982551
+26663987814
+26664009429
+26664083192
+26664083799
+26664085038
+26664104285
+26664310145
+26665000241
+26665001484
+26665005928
+26665007618
+26666000256
+26666141774
+26666306767
+26666880000
+26666880042
+26666880068
+26666880533
+26666881291
+26666881435
+26667093902
+26667162620
+26667196945
+26667203150
+26667223836
+26667229276
+26667340282
+26667369086
+26667374599
+26667376979
+26667383707
+26667952317
+26667972055
+26667981819
+26668006006
+26668008081
+26668035700
+26668074056
+26668091709
+26668106565
+26668113090
+26668123730
+26668141618
+26668188048
+26668233748
+26668236953
+26668270515
+26668299100
+26668348915
+26668349061
+26668401015
+26668412027
+26668519855
+26668537654
+26668548768
+26668566794
+26668585312
+26668585315
+26668585746
+26668596178
+26668616497
+26668627290
+26668656565
