+26650009004
+26650474852
+26650536538
+26650922727
+26650987975
+26651494852
+26653196748
+26653395810
+26653914013
+26656101187
+26656154542
+26656468601
+26656615559
+26656700367
+26656701533
+26656727909
+26656940409
+26657033312
+26657321468
+26657323772
+26657341567
+26657402733
+26657538722
+26657888578
+26658024466
+26658036313
+26658086390
+26658096071
+26658402346
+26658404977
+26658535097
+26658959595
+26659031616
+26659093615
+26659099167
+26659207879
+26659228263
+26659399184
+26659492000
+26659921920
+26662915915
+26663045144
+26663055890
+26663184364
+26663395401
+26663441988
+26663567534
+26663595544
+26663618585
+26663942668
+26667952317
+26668074056
+26668091709
+26668299100
