+26650092737
+26650155286
+26650168482
+26650188929
+26650211825
+26650291666
+26650358896
+26650375738
+26650381535
+26650474852
+26650487559
+26650521747
+26650533943
+26650579127
+26650667733
+26650720320
+26650770093
+26650798005
+26650837140
+26650877240
+26651466450
+26651632700
+26651643034
+26653081381
+26653253228
+26653322087
+26653361871
+26653410405
+26653544776
+26653566818
+26653657534
+26653687749
+26653691205
+26653755178
+26653792733
+26653811179
+26653829405
+26653835391
+26653904728
+26656115282
+26656177991
+26656217929
+26656284741
+26656313457
+26656332954
+26656456057
+26656523604
+26656605411
+26656658036
+26656675697
+26656676020
+26656720504
+26656730858
+26656769300
+26656842996
+26656894723
+26656902468
+26656950187
+26656972740
+26657027560
+26657028227
+26657034485
+26657049248
+26657143445
+26657152872
+26657166187
+26657200983
+26657242197
+26657257596
+26657321468
+26657323772
+26657401266
+26657453974
+26657531116
+26657569268
+26657611745
+26657617315
+26657703136
+26657707261
+26657730392
+26657799034
+26657835258
+26657857709
+26657971118
+26658008311
+26658013956
+26658017238
+26658023152
+26658033236
+26658041355
+26658041517
+26658044430
+26658046571
+26658049192
+26658062337
+26658083525
+26658096071
+26658096079
+26658099754
+26658120500
+26658127148
+26658133061
+26658402346
+26658415235
+26658421042
+26658425822
+26658432997
+26658439653
+26658443053
+26658457906
+26658459588
+26658482951
+26658483546
+26658484414
+26658485160
+26658495924
+26658506882
+26658507658
+26658535822
+26658569179
+26658666342
+26658673764
+26658677041
+26658677818
+26658688880
+26658692772
+26658694324
+26658701977
+26658702428
+26658721242
+26658730305
+26658733952
+26658737372
+26658741156
+26658744273
+26658745897
+26658754285
+26658769067
+26658780377
+26658785326
+26658842191
+26658842964
+26658844251
+26658844571
+26658846109
+26658856978
+26658858805
+26658868372
+26658869008
+26658882840
+26658885444
+26658904998
+26658911118
+26658918936
+26658929782
+26658949445
+26658952770
+26658963508
+26658963956
+26658992081
+26659008802
+26659029983
+26659066368
+26659078766
+26659083766
+26659089602
+26659107533
+26659109454
+26659111345
+26659122679
+26659149361
+26659183113
+26659205651
+26659214660
+26659316473
+26659341586
+26659348400
+26659416495
+26659431058
+26659433628
+26659455096
+26659503200
+26659506071
+26659517429
+26659528222
+26659544666
+26659558680
+26659569745
+26659580290
+26659602085
+26659675609
+26659678757
+26659697001
+26659757549
+26659888820
+26659900455
+26659929843
+26659991983
+26662000125
+26662352115
+2666+2666342
+26662770077
+26662846810
+26663005273
+26663008743
+26663040994
+26663045144
+26663063110
+26663067308
+26663072669
+26663104635
+26663165671
+26663178399
+26663282406
+26663284791
+26663380761
+26663401414
+26663417580
+26663654556
+26663952602
+26664082211
+26666880361
+26667333193
+26668141618
+26668485635