+26651028378
+26663368278
+26659595147
+26650442714
+26659429214
+26653260957
+26657807133
+26657440914
+26658666077
+26658031688
+26650837291
+26663028406
+26650642504
+26659587483
+26658547674
+26658553631
+26663078172
+26656534370
+26659734853
+26658019568
+26657478406
+26658426569
+26657893904
+26656211253
+26656738848
+26658609446
+26658823466
+26656255302
+26662588888
+26650596130
+26658699258
+26667124035
+26658126293
+26659985769
+26662110412
+26658047479
+26663427574
+26656524444
+26650464148
+26650913187
+26658946058
+26656882678
+26658008546
+26663175047
+26658059137
+26658142546
+26659068142
+26658691842
+26656544831
+26657727046
+26658101354
+26653571735
+26659865182
+26656508568
+26656091699
+26663807759
+26656500721
+26657064409
+26658814420
+26658956898
+26653433393
+26658104046
+26650637688
+26656797523
+26650400939
+26650101462
+26650303638
+26650246497
+26658970494
+26659409553
+26650868451
+26662943898
+26656035777
+26650516859
+26658572444
+26656444517
+26650477412
+26650502982
+26656446477
+26659738058
+26658413807
+26658945505
+26656692120
+26663153319
+26659601534
+26659983861
+26657321476
+26657657696
+26662663666
+26656641030
+26656481078
+26659155196
+26659672618
+26657263004
+26656110956
+26657748980
+26653258367
+26658066252
+26658046432
+26658917314
+26663031684
+26656149939
+26657158260
+26650826749
+26659335480
+26667155390
+26650795215
+26662001499
+26663315824
+26658002450
+26657064510
+26658728284
+26659165956
+26650355811
+26659097373
+26668133545
+26663532413
+26659215308
+26650212330
+26659450477
+26658183407
+26653081048
+26659741266
+26658025784
+26650102036
+26658954040
+26658700628
+26656972400
+26650313324
+26658103392
+26656179989
+26657796199
+26659488349
+26657776803
+26657611545
+26656503027
+26656922161
+26657664316
+26650480775
+26653839533
+26657033343
+26657177449
+26650533516
+26658470735
+26656159927
+26658009814
+26658546077
+26657945356
+26658915596
+26656133399
+26659804073
+26650662149
+26653539531
+26656524331
+26659793390
+26658094834
+26656935447
+26664023515
+26659654776
+26650318062
+26650312623
+26650714798
+26651412152
+26657288490
+26658955985
+26663284757
+26659562447
+26659215717
+26658794296
+26656211998
+26650521780
+26659141679
+26658996556
+26658187645
+26656443167
+26657057205
+26663838221
+26657035987
+26656175294
+26659482526
+26658078027
+26658034532
+26659732299
+26659686817
+26650223149
+26659154455
+26663133270
+26659445905
+26659790530
+26666770666
+26658090518
+26656468706
+26659126484
+26650537382
+26656876910
+26658973569
+26653537802
+26658411818
+26663039240
+26650808109
+26659816600
+26663103882
+26657436099
+26657768716
+26659473920
+26659651392
+26650779644
+26659940189
+26663001020
+26662703705
+26659798558
+26663165193
+26650479698
+26656421161
+26659475426
+26658022358
+26656701271
+26657814087
+26663164461
+26656432247
+26657771134
+26658072337
+26650708865
+26663806412
+26658924353
+26650952740
+26656512323
+26658405092
+26657331607
+26656418792
+26658515199
+26657275983
+26658095048
+26663120095
+26658559551
+26653376747
+26658467614
+26659401111
+26658946795
+26662547530
+26656858368
+26658604596
+26658036153
+26663551521
+26659451175
+26656973546
+26650869441
+26658778664
+26658039237
+26659539326
+26658407518
+26662116677
+26663065390
+26650181310
+26658424512
+26656529822
+26657754552
+26663069667
+26656467840
+26659977660
+26659148233
+26659564142
+26656920591
+26663246639
+26659537737
+26653247118
+26653072583
+26663277796
+26658926691
+26657227288
+26650530808
+26657159575
+26656242421
+26653343303
+26657644615
+26650496125
+26657019474
+26650002933
+26657299321
+26656284060
+26663512333
+26659895412
+26658661055
+26658067371
+26658000818
+26663260740
+26658054415
+26658596049
+26658152590
+26657582959
+26659108101
+26656156677
+26662607738
+26657993100
+26650049182
+26656480114
+26656783266
+26658465861
+26659027027
+26657438022
+26658664348
+26663100972
+26662036666
+26663616842
+26657421341
+26659912949
+26659163054
+26663644402
+26658012789
+26658860753
+26658947699
+26659025305
+26650328893
+26667853070
+26653703156
+26650328058
+26656689777
+26657177001
+26658816275
+26658404715
+26650522555
+26663617455
+26663961866
+26658864180
+26658828995
+26663247254
+26653852615
+26658909077
+26656261129
+26657805156
+26659733870
+26663909290
+26656813131
+26657574030
+26658466094
+26658542429
+26650172450
+26656523434
+26659686992
+26659419347
+26658785111
+26657087535
+26653763004
+26650568570
+26656302234
+26656542835
+26650255282
+26657893869
+26656414532
+26656487154
+26663020727
+26659224639
+26659456190
+26650623747
+26659410352
+26659759384
+26659497697
+26650825267
+26658780358
+26658696534
+26658532848
+26653035449
+26656933509
+26656047223
+26659794163
+26663018439
+26656391480
+26653367988
+26658941807
+26658694167
+26650119289
+26650972157
+26662061440
+26663200924
+26657775684
+26659901839
+26658589505
+26657520974
+26663063602
+26659347350
+26657919931
+26663295153
+26656612954
+26659506827
+26662499555
+26657374996
+26650128569
+26658131577
+26650557808
+26650781035
+26659870474
+26663341366
+26657179763
+26663599306
+26650765663
+26659704298
+26657337766
+26663032140
+26663134366
+26659798989
+26650774509
+26662040330
+26653764062
+26662588168
+26656520306
+26658419567
+26663616342
+26650244924
+26659555382
+26657001533
+26659784669
+26650222276
+26657502017
+26663064067
+26667439872
+26650477415
+26658097174
+26663249058
+26667327256
+26659964865
+26658818894
+26656427059
+26658751271
+26658414082
+26650227545
+26657378466
+26657532271
+26663281297
+26659991999
+26658604364
+26653230227
+26656559422
+26659389811
+26658987742
+26658402697
+26653843491
+26659429597
+26650069702
+26656994095
+26659649594
+26663660062
+26658121175
+26650098203
+26653626675
+26659957300
+26658051767
+26656435172
+26658556108
+26658783354
+26659600006
+26658944996
+26650093756
+26656021656
+26659026398
+26653772251
+26667201575
+26650988686
+26653788810
+26650270187
+26658868353
+26656536799
+26663770213
+26658783491
+26658852780
+26656746268
+26658870517
+26653225052
+26653306334
+26659040810
+26659783345
+26656502444
+26658679961
+26657306095
+26663703052
+26659392744
+26658044450
+26658013807
+26659091703
+26650390665
+26650746649
+26667969278
+26658573552
+26658698756
+26666160126
+26658022313
+26656683113
+26658845170
+26656453363
+26658539084
+26659377445
+26659506218
+26657847019
+26663315503
+26658400185
+26659608705
+26657860174
+26650659661
+26663236336
+26658506335
+26653329547
+26650253990
+26659477758
+26658037637
+26659041564
+26656357042
+26658778664
+26656954218
+26656237118
+26659780229
+26656330000
+26656793139
+26653894501
+26658795975
+26656458064
+26656421324
+26650384142
+26656486201
+26653464918
+26653755875
+26663059888
+26659640760
+26656997505
+26656756866
+26658567550
+26662786922
+26658415352
+26653229017
+26658952029
+26656141243
+26659990957
+26650218134
+26657527272
+26658584534
+26658704551
+26651485035
+26656624831
+26663616306
+26658834073
+26667896430
+26658882980
+26650043895
+26659680486
+26659504133
+26656902074
+26656569921
+26659982196
+26650882214
+26657461069
+26658849666
+26650671220
+26662833888
+26659589399
+26659702400
+26658671450
+26662826543
+26663129510
+26656010074
+26659120155
+26659445289
+26650753933
+26657342116
+26662911097
+26653956424
+26656932073
+26658852707
+26657620189
+26657238105
+26658433218
+26658488181
+26653075150
+26657036295
+26658782132
+26659898708
+26650147359
+26658121086
+26668043162
+26659575785
+26663288665
+26658404626
+26659096289
+26657822793
+26663016678
+26662202230
+26656700416
+26650349903
+26659888195
+26659923706
+26657528087
+26659098735
+26653768619
+26663620285
+26658138345
+26659124826
+26651468294
+26658948009
+26650937164
+26650153824
+26658079962
+26663489880
+26658072968
+26650356106
+26650419376
+26659960145
+26657849817
+26657644427
+26659784400
+26659131448
+26656485282
+26653098290
+26658565056
+26653790353
+26657788992
+26663175920
+26658458879
+26658003055
+26658560006
+26659153299
+26656144641
+26657687610
+26650743558
+26658064687
+26658039128
+26653358498
+26657141951
+26667130464
+26658130111
+26650913408
+26659423742
+26650470108
+26663090083
+26663099715
+26656682046
+26659742545
+26657756242
+26663226192
+26657649783
+26657101997
+26658838884
+26663611111
+26659169388
+26663002558
+26650834138
+26656325001
+26658075040
+26657892331
+26662332285
+26662294035
+26650689215
+26658135173
+26658002721
+26653848382
+26662264993
+26662867385
+26656566908
+26657910103
+26653768649
+26650184428
+26657693133
+26656421334
+26662018101
+26653397493
+26658055715
+26656524322
+26663830007
+26662888265
+26657540065
+26658417314
+26658523707
+26659591485
+26659675510
+26657298848
+26650252931
+26657245806
+26656514381
+26656613246
+26659322079
+26657009763
+26658522891
+26659967859
+26656598659
+26658099801
+26657004782
+26658837593
+26650217889
+26663266888
+26656215099
+26659883360
+26662866660
+26656848429
+26650197782
+26658124023
+26650443770
+26658431783
+26658029813
+26658753188
+26657173954
+26657315939
+26658597995
+26657138037
+26663324522
+26656264637
+26657705453
+26657697179
+26662004530
+26659725899
+26658446322
+26659222174
+26659079602
+26657658703
+26663073430
+26658994824
+26658572389
+26653047485
+26650643493
+26658772259
+26651775622
+26659144760
+26659794381
+26659683644
+26658720446
+26658889005
+26657664848
+26662097560
+26659655078
+26658054273
+26658950042
+26663143910
+26657647464
+26658566315
+26668324828
+26658918516
+26653270545
+26658863966
+26656973501
+26657572022
+26663812979
+26653775444
+26658413839
+26650470459
+26658470084
+26658541248
+26658584931
+26663107673
+26658947456
+26658925673
+26659749411
+26651477421
+26650159491
+26658430046
+26658832269
+26650597491
+26658572065
+26657027562
+26658493860
+26657335697
+26653903552
+26668098558
+26653242281
+26658825508
+26656763508
+26657011240
+26653394979
+26658533010
+26658855084
+26659156850
+26658816885
+26658047078
+26658447084
+26656741405
+26663355388
+26657450175
+26658035425
+26658137956
+26659582136
+26658461096
+26658445810
+26650505030
+26658052150
+26663997993
+26656602358
+26663469595
+26656873020
+26658411114
+26662474478
+26665003305
+26662168198
+26658841187
+26658846670
+26663331388
+26653758928
+26657171732
+26650660439
+26653852696
+26656929495
+26659150008
+26656626475
+26658905963
+26656046761
+26653359868
+26650171715
+26658660062
+26658418333
+26650642516
+26657059614
+26658709809
+26659936931
+26657755916
+26656701758
+26659392845
+26659046144
+26656011104
+26658911328
+26658810524
+26656880085
+26663832725
+26653649576
+26659070443
+26659140353
+26658846488
+26650232119
+26658551869
+26658580137
+26659508605
+26658974541
+26662899999
+26653709802
+26659693758
+26663052571
+26658553071
+26658927319
+26658951165
+26658063156
+26663080755
+26658081900
+26657483840
+26658745370
+26663148309
+26656605524
+26658060699
+26658919963
+26658440197
+26653999973
+26653765577
+26650207935
+26662260515
+26659519353
+26653068909
+26656114132
+26662929238
+26659441484
+26658690353
+26659888833
+26657363155
+26659611998
+26663053683
+26658670096
+26656514201
+26653044999
+26656846411
+26657784993
+26662443333
+26650522810
+26656989103
+26653992124
+26659124515
+26657859220
+26650205704
+26658990332
+26658468621
+26663331534
+26662180198
+26656346847
+26650007744
+26657788888
+26658830759
+26659704860
+26658692037
+26650158475
+26659582177
+26653259872
+26663787083
+26663230700
+26657665402
+26653650999
+26650850305
+26659556791
+26656187138
+26658687778
+26658605975
+26657626395
+26658949955
+26659919292
+26658124734
+26659738814
+26664087818
+26659211556
+26650203840
+26662237023
+26658902072
+26650259466
+26658864167
+26656932030
+26659337717
+26658026988
+26656460622
+26658477004
+26653960288
+26650559055
+26650914317
+26650519075
+26650542577
+26658990608
+26658787019
+26650311422
+26659715315
+26666131010
+26663936924
+26657574729
+26667234666
+26663021166
+26650205303
+26659562851
+26662056789
+26663327308
+26659424900
+26656620615
+26659599838
+26663166752
+26663107103
+26657114056
+26658544627
+26658794067
+26659109922
+26658851122
+26656543195
+26667914152
+26658789261
+26663633753
+26653498934
+26662368888
+26662940000
+26657872100
+26650130848
+26662758888
+26653430139
+26659987346
+26658972880
+26656528159
+26657276170
+26658713839
+26658854255
+26658424014
+26650598450
+26659949199
+26662870863
+26659013168
+26658560832
+26667914152
+26662320345
+26658094743
+26653567320
+26659163848
+26663201179
+26656858453
+26650728541
+26657767627
+26659459726
+26658577871
+26659686570
+26653914766
+26656885600
+26657340755
+26658795282
+26657970698
+26664038357
+26656777695
+26658743510
+26665001719
+26657498367
+26663094209
+26658052456
+26658665949
+26656460125
+26658135322
+26657827549
+26659025309
+26657571259
+26663348477
+26659579956
+26663033460
+26650222003
+26656195320
+26659368833
+26656939664
+26658558338
+26659087568
+26657173162
+26659447707
+26658097018
+26658776033
+26650407126
+26663359310
+26650559000
+26656443798
+26659700288
+26659918907
+26657796200
+26657058380
+26657531217
+26659486868
+26659131351
+26659212108
+26653490690
+26659099142
+26659706609
+26658547914
+26659136248
+26658975715
+26656301317
+26656681079
+26656793403
+26658132930
+26659813770
+26658083260
+26656393881
+26659076453
+26653365122
+26663121804
+26650568660
+26659104004
+26657770002
+26656301658
+26663062777
+26658522859
+26650077610
+26656256440
+26659448081
+26659319455
+26650560624
+26662000717
+26658551899
+26658996570
+26650408029
+26659159817
+26659478080
+26657695634
+26663030347
+26658974568
+26658770888
+26656475558
+26659028825
+26650224507
+26658552510
+26657624865
+26658941079
+26658503887
+26659701414
+26658956903
+26663578342
+26658128498
+26659067839
+26658024248
+26659123523
+26658975350
+26658782049
+26653297833
+26658475717
+26658532853
+26658008607
+26658076872
+26658850388
+26663332323
+26667352420
+26659082121
+26650850305
+26659150311
+26657794589
+26659633710
+26657677938
+26656975728
+26656304481
+26658663475
+26658708204
+26658930197
+26657482757
+26663596641
+26662662690
+26658888484
+26656480978
+26658867501
+26659814007
+26656700967
+26650407685
+26658720250
+26656051979
+26658845531
+26657058627
+26658884166
+26656304394
+26663004378
+26659482605
+26656880786
+26662011771
+26657114056
+26657262791
+26659504459
+26659096863
+26658964614
+26656373987
+26657379502
+26663515181
+26650923853
+26656009888
+26657342583
+26662333388
+26657650900
+26663007566
+26659719323
+26658074310
+26659066966
+26658513922
+26656516211
+26656428274
+26658181439
+26656700985
+26658989160
+26656622126
+26656156257
+26656481995
+26656242704
+26662111333
+26663214244
+26658908709
+26658902524
+26658906950
+26658506098
+26663130545
+26663002327
+26658683675
+26658016883
+26658826312
+26662042399
+26650723636
+26658533443
+26658724775
+26663238739
+26659358856
+26658674685
+26657447777
+26658918722
+26657499171
+26662738513
+26658735952
+26653682703
+26657025444
+26663871056
+26659140847
+26658041355
+26656363176
+26663078817
+26657662695
+26658420431
+26659440374
+26663181234
+26659451047
+26662668888
+26658714447
+26659229683
+26659345025
+26658099176
+26658850269
+26653407492
+26659096688
+26656807777
+26658906658
+26658077365
+26659400569
+26657354577
+26658102468
+26659354559
+26663254959
+26658812562
+26650470861
+26659980058
+26657867982
+26657262791
+26658496070
+26657810908
+26657300548
+26663046540
+26659315288
+26658905190
+26656626332
+26657551564
+26663160686
+26667994348
+26656301567
+26662282881
+26659458913
+26658691362
+26658948009
+26663266962
+26658923514
+26657795885
+26657035325
+26663202385
+26658724610
+26657145705
+26658887808
+26650121070
+26658917945
+26656777085
+26659438002
+26656961002
+26650217673
+26657625444
+26657107756
+26659913150
+26657725625
+26663559962
+26653626624
+26656748200
+26658768399
+26662004222
+26656714632
+26662854050
+26657342859
+26650666651
+26663542038
+26657586534
+26659166610
+26658002399
+26662282881
+26657874753
+26657107298
+26657771592
+26656231073
+26650859973
+26658965708
+26653755035
+26659822369
+26663082687
+26662202066
+26662716666
+26650070038
+26658449604
+26658867102
+26658838426
+26659550000
+26664322014
+26657206808
+26656981881
+26658096670
+26658868296
+26659022923
+26657009590
+26659391605
+26658949226
+26664030566
+26658590956
+26656925583
+26658499146
+26658868200
+26662419481
+26667379016
+26656240393
+26657061000
+26663332661
+26658883189
+26663258030
+26658883550
+26653748837
+26659139603
+26658539437
+26658486530
+26662885555
+26656815401
+26659117940
+26662327875
+26657009028
+26663202261
+26663054870
+26656511188
+26658847020
+26657413577
+26650480416
+26668264035
+26658548942
+26658547954
+26658665666
+26653758300
+26658061880
+26662881881
+26658148931
+26663076201
+26657715326
+26659109635
+26656568868
+26663330544
+26656530001
+26656734765
+26658880646
+26659695202
+26658139957
+26658425409
+26656714740
+26659330055
+26657477318
+26659874924
+26663181672
+26658988847
+26663221585
+26662599999
+26650671234
+26658019661
+26658132493
+26653168716
+26657258250
+26658042732
+26657118643
+26668211334
+26656815401
+26659485334
+26664027652
+26663938888
+26656985777
+26663163615
+26657762315
+26663022713
+26656939271
+26658911364
+26657104768
+26650226994
+26658853995
+26658869503
+26658465945
+26658759957
+26657927991
+26650991079
+26663238739
+26659447790
+26658777771
+26663117125
+26657303898
+26658883170
+26656650785
+26658851337
+26658067055
+26663205277
+26658143248
+26658411884
+26658689697
+26650868200
+26658503433
+26663100773
+26653305425
+26658716620
+26663332660
+26658700590
+26663988322
+26657488888
+26667208851
+26659441397
+26659125061
+26658849005
+26658844959
+26656676249
+26658510322
+26662999937
+26658811976
+26659348654
+26658789961
+26663001347
+26650357281
+26656700420
+26658704602
+26658781817
+26663556881
+26658779719
+26658942929
+26659699904
+26663058449
+26659003006
+26658777389
+26650211280
+26658992626
+26650185494
+26658960113
+26657589383
+26663099174
+26659228044
+26663073546
+26659931213
+26662007666
+26658716910
+26662888888
+26657650812
+26657647777
+26664322608
+26650568763
+26658570507
+26658776185
+26658852826
+26653781447
+26663059293
+26662789848
+26658738263
+26658723523
+26667215017
+26658869158
+26658577620
+26657757978
+26662333786
+26658531752
+26656048414
+26658182759
+26658880888
+26659877827
+26658727067
+26656812988
+26658487198
+26658466103
+26657921794
+26658856789
+26658073018
+26658949721
+26659522465
+26657712373
+26659031107
+26662239113
+26662800295
+26659008856
+26658953797
+26662003296
+26659494366
+26656414444
+26663383828
+26663006400
+26663231981
+26658435742
+26658860560
+26663408888
+26659993394
+26657767878
+26659003104
+26659469115
+26658470588
+26658846735
+26663519519
+26658733864
+26656671069
+26658883873
+26656247610
+26662004065
+26658784996
+26650475305
+26653865436
+26662009411
+26656301567
+26658756331
+26658867010
+26663766666
+26663223252
+26662880117
+26658584241
+26658864295
+26659901018
+26658958385
+26656766666
+26659699212
+26659031187
+26658915504
+26656700352
+26658439312
+26658953473
+26658917263
+26656699728
+26658884168
+26663771111
+26658852708
+26658851795
+26658866601
+26657642697
+26658042408
+26663182634
+26659454392
+26662002688
+26659678518
+26658689179
+26659102969
+26662010000
+26659062422
+26663999555
+26658868462
+26650560362
+26663062065
+26656514358
+26663019170
+26657528062
+26663968888
+26657196626
+26656499999
+26653502603
+26658836923
+26658686695
+26658865073
+26656421159
+26659820280
+26658066564
+26658888383
+26658912088
+26650713434
+26658485367
+26657887790
+26658794067
+26663996399
+26657578888
+26656568888
+26650961230
+26658860868
+26662022258
+26658732671
+26658470724
+26657317176
+26662049166
+26663025502
+26658970598
+26657199555
+26659744818
+26656454556
+26658880567
+26657386914
+26656622131
+26658433073
+26653062010
+26658726588
+26658868351
+26658490728
+26656878469
+26656079621
+26658851971
+26663138804
+26663535205
+26659039316
+26658719111
+26662050505
+26658987684
+26662032212
+26657058414
+26663509268
+26657300222
+26659751152
+26659198168
+26659216010
+26658084606
+26657538689
+26663968888
+26662457200
+26657167044
+26658988944
+26658435443
+26653284274
+26658862812
+26658095513
+26658887701
+26667995555
+26657811111
+26663098438
+26665005601
+26657655694
+26659961999
+26662090782
+26650083488
+26662699999
+26657694555
+26656577482
+26658856311
+26663056377
+26662629999
+26658883328
+26657772222
+26650226394
+26656900799
+26663207263
+26656787031
+26658862252
+26656568820
+26662158158
+26653764118
+26659169873
+26658020573
+26658723404
+26657626566
+26658888442
+26668130000
+26657290661
+26656621268
+26658889999
+26657908866
+26658841283
+2666+2666666
+26662611111
+26659708968
+26663977777
+26663008684
+26657725777
+26657642133
+26657163490
+26658108888
+26656466666
+26662588899
+26658877777
+26658888879
+26655310177
+26657888668
+26658800125
+26658800124
+26658800105
+26650920278
+26668082500
+26659923810