+26628310985
+26628314120
+26628319456
+26628324220
+26628335585
+26628342003
+26628461025
+26628463099
+26650009004
+26650009513
+26650012480
+26650023178
+26650038596
+26650039157
+26650045207
+26650052152
+26650052718
+26650053389
+26650054555
+26650059894
+26650063818
+26650066599
+26650068197
+26650069081
+26650070791
+26650071879
+26650076001
+26650077854
+26650080022
+26650082519
+26650087045
+26650092737
+26650094211
+26650104384
+26650106639
+26650117996
+26650125434
+26650125526
+26650129623
+26650129790
+26650130934
+26650131852
+26650137456
+26650141606
+26650146592
+26650153038
+26650155286
+26650162229
+26650162267
+26650164202
+26650168482
+26650176460
+26650179805
+26650181216
+26650188929
+26650189675
+26650199982
+26650208007
+26650210863
+26650211825
+26650212470
+26650216789
+26650222462
+26650223054
+26650223214
+26650223803
+26650224546
+266502+26668
+26650253782
+26650253919
+26650256164
+26650260708
+26650260830
+26650263138
+26650263665
+26650268187
+26650268451
+26650269792
+26650276197
+26650278026
+26650278368
+26650280300
+26650281230
+26650291666
+26650292861
+26650292924
+26650295870
+26650320168
+26650320255
+26650324494
+26650327526
+26650345553
+26650358896
+26650359395
+26650375738
+26650380684
+26650381535
+26650395195
+26650407794
+26650441400
+26650442120
+26650444012
+26650444816
+26650449251
+26650457933
+26650458614
+26650468876
+26650468929
+26650474318
+26650474852
+26650487559
+26650488783
+26650507198
+26650508983
+26650513366
+26650513723
+26650516123
+26650517592
+26650520570
+26650521747
+26650533033
+26650533943
+26650535372
+26650536538
+26650543450
+26650549666
+26650559026
+26650562973
+26650568583
+26650579127
+26650579149
+26650585365
+26650585587
+26650590254
+26650594030
+26650596904
+26650625591
+26650629571
+26650630782
+26650634218
+26650635925
+26650640000
+26650641390
+26650644922
+26650645289
+26650654375
+26650663851
+26650667109
+26650667733
+26650667750
+26650667993
+26650675330
+26650676779
+26650685137
+26650686319
+26650702381
+26650702446
+26650707750
+26650719076
+26650720320
+26650727623
+26650729740
+26650736261
+26650751296
+26650752095
+26650757343
+26650757766
+26650760131
+26650766252
+26650770093
+26650778453
+26650782624
+2665078+2669
+26650796670
+26650798005
+26650799038
+26650807373
+26650815267
+26650829468
+26650834043
+26650836759
+26650837140
+26650839152
+26650847176
+26650847555
+26650847664
+26650847839
+26650848203
+26650851792
+26650851954
+26650866433
+26650867242
+26650868775
+26650869050
+26650872231
+26650872848
+26650877240
+26650877793
+26650880689
+26650881136
+26650890076
+26650890994
+26650898585
+26650921560
+26650922727
+26650924084
+26650937368
+26650952707
+26650966889
+26650970005
+26650970551
+26650971036
+26650987975
+26651406105
+26651411386
+26651415609
+26651434715
+26651439676
+26651441730
+26651462638
+26651466450
+26651477800
+26651479165
+26651488437
+26651490851
+26651494852
+26651604436
+26651606544
+26651606692
+26651607102
+26651609663
+26651632700
+26651637899
+26651639905
+26651643034
+26651643231
+26651643772
+26651652451
+26651655252
+26651671608
+26651673587
+26653012519
+26653017247
+26653020156
+26653020392
+26653020697
+26653030207
+26653034273
+26653034520
+26653036095
+26653041101
+26653042191
+26653043594
+26653058410
+26653059004
+26653061401
+26653061509
+26653062904
+26653064465
+26653072147
+26653077972
+26653079859
+26653081103
+26653081332
+26653081381
+26653082819
+26653094281
+26653104427
+26653108850
+26653123027
+26653129433
+26653133818
+26653134581
+26653139665
+26653148773
+26653168587
+26653173535
+26653187910
+26653194203
+26653194985
+26653196748
+26653197692
+26653217501
+26653218798
+26653220769
+26653227422
+26653229020
+26653229910
+26653233760
+26653234326
+26653234892
+26653239425
+26653251186
+26653252406
+26653253228
+26653253533
+26653253660
+26653260273
+26653260531
+26653260653
+26653284932
+26653288800
+26653299888
+26653301880
+26653304339
+26653305906
+26653320833
+26653322087
+26653346005
+26653349127
+26653350247
+26653357082
+26653357656
+26653359842
+26653361871
+26653362757
+26653365172
+26653367757
+26653372564
+26653382685
+26653386964
+26653395315
+26653395810
+26653398198
+26653407671
+26653408241
+26653408554
+26653408565
+26653410405
+26653412528
+26653427123
+26653427755
+26653437877
+26653442478
+26653447322
+26653468451
+26653469237
+26653501634
+26653503212
+26653506589
+26653507509
+26653517975
+26653522023
+26653522970
+26653522995
+26653525003
+26653530269
+26653540542
+26653544776
+26653557574
+26653563759
+26653563995
+26653565070
+26653565538
+26653565929
+26653566818
+26653567677
+26653610662
+26653618817
+26653623833
+26653624402
+26653625523
+26653627886
+26653640128
+26653641313
+26653646962
+26653652956
+26653657534
+26653658857
+26653658859
+26653661032
+26653667024
+26653682547
+26653683182
+26653686803
+26653687749
+26653691205
+26653698655
+26653702400
+26653729986
+26653742970
+26653743548
+26653744169
+26653746189
+26653754484
+26653755178
+26653761542
+26653762143
+26653762284
+26653762901
+26653763617
+26653764035
+26653764523
+26653765739
+26653765814
+26653766590
+26653777723
+26653782409
+26653785774
+26653788446
+26653792728
+26653792733
+26653810402
+26653811179
+26653819197
+26653819904
+26653820505
+26653827682
+26653828302
+26653829405
+26653829677
+26653833253
+26653835391
+26653836561
+26653838206
+26653838420
+26653841341
+26653843073
+26653844875
+26653872896
+26653885024
+26653886139
+26653887163
+26653888822
+26653896497
+26653897032
+26653900422
+26653902212
+26653904556
+26653904728
+26653908806
+26653913217
+26653914013
+26653948053
+26653948081
+26653986688
+26653993064
+26653999788
+26656006444
+26656008425
+26656031048
+26656031060
+26656039762
+26656043466
+26656046252
+26656049016
+26656051707
+26656054253
+26656062227
+26656101187
+26656101900
+26656111263
+26656111941
+26656114327
+26656115282
+26656132285
+26656134027
+26656136471
+26656144317
+26656154542
+26656168968
+26656170850
+26656172676
+26656175883
+26656177991
+26656177998
+26656196334
+26656197733
+26656201622
+26656201658
+26656202525
+26656204702
+26656209079
+26656210492
+26656215264
+26656217883
+26656217929
+26656224950
+26656225409
+26656230259
+26656235023
+26656237455
+26656243729
+26656253647
+26656255057
+26656260907
+26656262671
+26656263092
+26656267522
+26656272504
+26656273963
+26656277594
+26656279753
+26656284741
+26656286073
+26656292383
+26656293517
+26656296567
+26656297777
+26656300025
+26656300736
+26656301836
+26656303811
+26656304578
+26656313457
+26656313920
+26656317336
+26656317429
+26656328140
+26656330349
+26656332954
+26656333356
+26656341878
+26656344373
+26656346785
+26656354600
+26656362924
+26656363607
+26656369783
+26656369909
+26656376328
+26656381538
+26656381738
+26656390216
+26656392350
+26656392691
+26656396945
+26656403617
+26656410368
+26656410890
+26656412275
+26656414521
+26656414723
+26656423053
+26656423056
+26656432336
+26656437631
+26656439461
+26656443867
+26656446211
+26656456057
+26656456444
+26656468601
+26656501126
+26656503019
+26656503608
+26656506510
+26656519858
+26656523604
+26656524496
+26656530670
+26656532653
+26656538281
+26656539191
+26656539978
+26656546152
+26656559728
+26656571245
+26656589856
+26656590636
+26656597966
+26656605411
+26656606412
+26656607876
+26656610794
+26656613503
+26656615559
+26656616110
+26656616504
+26656616820
+2665662+2663
+26656624026
+26656626732
+26656627165
+26656629199
+26656630081
+26656630534
+26656630761
+26656630904
+26656633900
+26656656263
+26656658036
+26656664714
+26656665074
+26656665485
+26656668699
+26656674619
+26656674833
+26656675697
+26656676020
+26656676355
+26656681111
+26656690626
+26656692340
+26656694413
+26656699742
+26656700367
+26656701533
+26656703162
+26656703952
+26656704196
+26656705367
+26656705584
+26656705638
+26656710208
+26656713163
+26656713947
+26656714332
+26656714396
+26656715672
+26656719394
+26656720504
+26656727909
+26656730858
+26656736435
+26656742704
+26656744636
+26656744665
+26656752797
+26656753226
+26656763047
+26656763333
+26656763970
+26656769300
+26656770704
+26656771943
+26656772981
+26656773402
+26656773436
+26656780993
+26656781450
+26656782898
+26656784970
+26656785630
+26656801584
+26656828764
+26656832030
+26656839119
+26656842928
+26656842996
+26656843456
+26656843854
+26656844136
+26656846411
+26656852278
+26656857463
+26656858497
+26656880447
+26656880577
+26656882864
+26656888824
+26656888905
+26656893682
+26656894723
+26656895189
+26656896994
+26656902468
+26656903112
+26656903753
+26656905581
+26656909151
+26656922138
+26656925975
+26656931067
+26656932244
+26656935206
+26656939852
+26656940409
+26656940464
+26656942592
+26656942673
+26656950187
+26656950730
+26656970567
+26656972740
+26656974517
+26656976224
+26656979791
+26656983302
+26656983399
+26656993434
+26657001574
+26657009644
+26657009755
+26657016453
+26657020564
+26657021377
+26657026433
+26657027560
+26657028227
+26657030882
+26657032918
+26657033312
+26657034485
+26657037064
+26657038626
+26657046066
+26657047283
+26657049248
+26657060709
+26657063106
+26657067358
+26657068425
+26657074629
+26657075650
+26657080000
+26657080117
+26657082770
+26657083966
+26657094964
+26657096053
+26657096446
+26657098758
+26657101957
+26657102022
+26657105363
+26657115556
+26657118258
+26657121333
+26657137920
+26657138110
+26657143445
+26657144972
+26657147360
+26657151544
+26657152872
+26657154466
+26657166187
+26657168026
+26657168967
+26657172735
+26657176009
+26657177777
+26657181536
+26657182867
+26657184377
+26657184657
+26657195447
+26657200028
+26657200983
+26657204724
+26657211120
+26657216992
+26657223000
+26657223203
+26657238825
+26657242197
+26657247222
+26657248390
+26657252082
+26657257596
+26657265001
+26657276491
+26657279190
+26657285767
+26657288291
+26657292532
+26657295178
+26657296907
+26657303704
+26657304460
+26657306659
+26657307259
+26657312885
+26657313909
+26657318170
+26657319616
+26657321468
+26657323739
+26657323772
+26657325832
+26657326400
+26657333300
+26657333667
+26657335869
+26657336200
+26657339844
+26657341567
+26657351878
+26657354577
+26657360605
+26657360676
+26657360905
+26657372450
+26657397919
+26657401+266
+26657402733
+26657403206
+26657408426
+26657415742
+26657421049
+26657421842
+26657426561
+26657432829
+26657436201
+26657438301
+26657439525
+26657440389
+26657445205
+26657448277
+26657453974
+26657461591
+26657462057
+26657467517
+26657468245
+26657469549
+26657474772
+26657484573
+26657485307
+26657494727
+26657498313
+26657502139
+26657509298
+26657519747
+26657525540
+26657526175
+26657530318
+26657531116
+26657532390
+26657534123
+26657535247
+26657538722
+26657543255
+26657557939
+26657569268
+26657577963
+26657578073
+26657578806
+26657578938
+26657579752
+26657601327
+26657611745
+26657617315
+26657623513
+26657624849
+26657629142
+26657631443
+26657633333
+26657635244
+26657640056
+26657643278
+26657650006
+26657652490
+26657652906
+26657661868
+26657663599
+26657668525
+26657682818
+26657684285
+26657686473
+26657686954
+26657692312
+26657696401
+26657703136
+26657707261
+26657723950
+26657730392
+26657731146
+26657736094
+26657747680
+26657754365
+26657756292
+26657758668
+26657773488
+26657774091
+26657774297
+26657778765
+26657783631
+26657787113
+26657791697
+26657799034
+26657806780
+26657807546
+26657813026
+26657824992
+26657825010
+26657825408
+26657827737
+26657835258
+26657837131
+26657844658
+26657844833
+26657851460
+26657857709
+26657863047
+26657868788
+26657878181
+26657878542
+26657879110
+26657879236
+26657881022
+26657882828
+26657883229
+26657883998
+26657885339
+26657887897
+26657888578
+26657890288
+26657893957
+26657906970
+26657908118
+26657908188
+26657911570
+26657917022
+26657922315
+26657922583
+26657937693
+26657941255
+26657942287
+26657948511
+26657953600
+26657958037
+26657966444
+26657966896
+26657968315
+26657971118
+26657974276
+26657992822
+26657994200
+26658000075
+26658000170
+26658001813
+26658002336
+26658003003
+26658003723
+26658003751
+26658004284
+26658004446
+26658005204
+26658006765
+26658006909
+26658008311
+26658009017
+26658009028
+26658009477
+26658009891
+26658009942
+26658010912
+26658011007
+26658011133
+26658011248
+26658012817
+26658013956
+26658015386
+26658015889
+26658017048
+26658017238
+26658018180
+26658018255
+26658018580
+26658018794
+26658020146
+26658020866
+26658022726
+26658022800
+26658023031
+26658023152
+26658024466
+26658025033
+26658026154
+26658026713
+26658027944
+26658028081
+26658028738
+26658030008
+26658033011
+26658033236
+26658033719
+26658035511
+26658036313
+26658036904
+26658037135
+26658040694
+26658041354
+26658041355
+26658041517
+26658041645
+26658042606
+26658042760
+26658043648
+26658044430
+26658044700
+26658044955
+26658046571
+26658047121
+26658047576
+26658047666
+26658048551
+26658048816
+26658049192
+26658049333
+26658050818
+26658050951
+26658051064
+26658051386
+26658051881
+26658053090
+26658053174
+26658054046
+26658054328
+26658054415
+26658054495
+26658054614
+26658055936
+26658056000
+26658056207
+26658056738
+26658057068
+26658058117
+26658058996
+26658060131
+26658061049
+26658061222
+26658061914
+26658061933
+26658062337
+26658062547
+26658062839
+26658066004
+26658066669
+26658067056
+26658067335
+26658067550
+26658070745
+26658071772
+26658073114
+26658073368
+26658073874
+26658074394
+26658074444
+26658077102
+26658077482
+26658079956
+26658080657
+26658081471
+26658083525
+26658083609
+26658084045
+26658084068
+26658084253
+26658084475
+26658085995
+26658086390
+26658087351
+26658087758
+26658088003
+26658088069
+26658088750
+26658089492
+26658090944
+26658091390
+26658094049
+26658094164
+26658095443
+26658096059
+26658096071
+26658096079
+26658096632
+26658097102
+26658098209
+26658098871
+26658099412
+26658099704
+26658099754
+26658100565
+26658103370
+26658104202
+26658105201
+26658105607
+26658105747
+26658106365
+26658106992
+26658107257
+26658107701
+26658107716
+26658108608
+26658109323
+26658109489
+26658120500
+26658120732
+26658122185
+26658123099
+26658123759
+26658123838
+26658125987
+26658126805
+26658127148
+26658128771
+26658129236
+26658130039
+26658130360
+26658131290
+26658133061
+26658134076
+26658134914
+26658136301
+26658137554
+26658140617
+26658145921
+26658146247
+26658151+266
+26658152963
+26658180732
+26658181302
+26658181325
+26658188333
+26658190715
+26658401378
+26658402346
+26658402594
+26658403478
+26658403975
+26658404488
+26658404560
+26658404977
+26658405038
+26658405065
+26658408824
+26658409799
+26658411185
+26658412555
+26658413680
+26658415235
+26658415357
+26658416368
+26658416725
+26658417220
+26658417+266
+26658417522
+26658417790
+26658418293
+26658418356
+26658419188
+26658421042
+26658421246
+26658422082
+26658423200
+26658423604
+26658425401
+26658425803
+26658425822
+26658426203
+26658427228
+26658427605
+26658427748
+26658429320
+26658429414
+26658430115
+26658432261
+26658432997
+26658434267
+26658435527
+26658436071
+26658437892
+26658438572
+26658439653
+26658439674
+26658443053
+26658443156
+26658444988
+26658445624
+26658448199
+26658448292
+26658448483
+26658450234
+26658450771
+26658451362
+26658452540
+26658453802
+26658455254
+26658455590
+26658457906
+26658458032
+26658458373
+26658459182
+26658459588
+26658461893
+26658463023
+26658464813
+26658466869
+26658469225
+26658469506
+26658471876
+26658472249
+26658472526
+26658473053
+26658474243
+26658475161
+26658475214
+26658475348
+26658475555
+26658476914
+26658477220
+26658478197
+26658482233
+26658482951
+26658483546
+26658484414
+26658484575
+26658484606
+26658485160
+26658485554
+26658486896
+26658486898
+26658487235
+26658487573
+26658488767
+26658488949
+26658489175
+26658490726
+26658495924
+26658496714
+26658499779
+26658501173
+26658501694
+26658502532
+26658502783
+26658505518
+26658505556
+26658505656
+26658506882
+26658507658
+26658515047
+26658521549
+26658522488
+26658522649
+26658523048
+26658523928
+26658524388
+26658525568
+26658526211
+26658526865
+26658528273
+26658529011
+26658530872
+26658531752
+26658532062
+26658534552
+26658535097
+26658535284
+26658535822
+26658536476
+26658537039
+26658537907
+26658538137
+26658539183
+26658539902
+26658541393
+26658544507
+26658545289
+26658545346
+26658545358
+26658551955
+26658552223
+26658552455
+26658557799
+26658558177
+26658559530
+26658559771
+26658559885
+26658560334
+26658563783
+26658563895
+26658564252
+26658564679
+26658566424
+26658566934
+26658567350
+26658567839
+26658568160
+26658568267
+26658568274
+26658569179
+26658569733
+26658571118
+26658573104
+26658573499
+26658573533
+26658573946
+26658575582
+26658577088
+26658577567
+26658578039
+26658578836
+26658583287
+26658584495
+26658586174
+26658586314
+26658586354
+26658587716
+26658588702
+26658588902
+26658588985
+26658592648
+26658594319
+26658598908
+26658598959
+26658605438
+26658606164
+26658606227
+26658608142
+26658660331
+26658661339
+26658662162
+26658664607
+26658666342
+26658667538
+26658668608
+26658668965
+26658669166
+26658669586
+26658671517
+26658672008
+26658673764
+26658674696
+26658677041
+26658677237
+26658677818
+26658679423
+26658680085
+26658680474
+26658681546
+26658682323
+26658688658
+26658688880
+26658690570
+26658692341
+26658692772
+26658693642
+26658694324
+26658695382
+26658696300
+26658696582
+26658696793
+26658696797
+26658697167
+26658697290
+26658697552
+26658697699
+26658697992
+26658698204
+26658698661
+26658700579
+26658701932
+26658701977
+26658702428
+26658703345
+26658703431
+26658706978
+26658709097
+26658709870
+26658710280
+26658710713
+26658711164
+26658711322
+26658712159
+26658714244
+26658715092
+26658717037
+26658718927
+26658720125
+26658721242
+26658724530
+26658725902
+26658727508
+26658730305
+26658732169
+26658732799
+26658733144
+26658733181
+26658733952
+26658734031
+26658735644
+26658736937
+26658737179
+26658737372
+26658737830
+26658738213
+26658740277
+26658741112
+26658741156
+26658741800
+26658742114
+26658742272
+26658744219
+26658744273
+26658745451
+26658745765
+26658745897
+26658746447
+26658748166
+26658749238
+26658749410
+26658750036
+26658750162
+26658750948
+26658751559
+26658753319
+26658754207
+26658754285
+26658755334
+26658757927
+26658758012
+26658760058
+26658760969
+26658762229
+26658764333
+26658765079
+26658765253
+26658767297
+26658767886
+26658767922
+26658768084
+26658769067
+26658769786
+26658769800
+26658769953
+26658771057
+26658771237
+26658771693
+26658771762
+26658772074
+2665877+2662
+26658772793
+26658773132
+26658773278
+26658773423
+26658774052
+26658774365
+26658774369
+26658776784
+26658777580
+26658778133
+26658778348
+26658778359
+26658778392
+26658778839
+26658779426
+26658779865
+26658779872
+26658780377
+26658781084
+26658783030
+26658783610
+26658784286
+26658784904
+26658785091
+26658785326
+26658785334
+26658785703
+26658786339
+26658787299
+26658787833
+26658788179
+26658793627
+26658793851
+26658794271
+26658796073
+26658796150
+26658796160
+26658811547
+26658813049
+26658814668
+26658815043
+26658817549
+26658817650
+26658818118
+26658822424
+26658826046
+266588+26621
+26658826717
+26658827474
+26658830099
+26658830707
+26658832029
+26658832093
+26658832279
+26658832864
+26658832961
+26658834159
+26658834551
+26658835617
+26658836362
+26658836660
+26658837380
+26658837623
+26658837811
+26658838424
+26658840033
+26658840034
+26658840082
+26658840271
+26658840430
+26658840676
+26658841063
+26658841187
+26658841231
+26658841958
+26658842191
+26658842324
+26658842830
+26658842964
+26658843371
+26658843390
+26658843972
+26658844251
+26658844285
+26658844571
+26658844702
+26658844809
+26658845816
+26658845943
+26658846109
+26658846382
+26658846543
+26658846676
+26658847523
+26658847772
+26658847984
+26658848810
+26658848837
+26658848888
+26658849111
+26658850005
+26658850013
+26658850049
+26658850053
+26658850113
+26658850125
+26658850151
+26658850154
+26658850290
+26658850812
+26658850886
+26658850891
+26658850975
+26658851057
+26658851185
+26658851455
+26658851587
+26658851595
+26658851751
+26658851807
+26658851922
+26658851946
+26658852147
+26658852292
+26658852378
+26658852389
+26658852485
+26658852493
+26658852825
+26658852926
+26658853340
+26658853348
+26658853799
+26658853820
+26658854268
+26658854801
+26658855511
+26658855573
+26658855599
+26658855835
+26658856398
+26658856608
+26658856651
+26658856971
+26658856978
+26658857001
+26658857565
+26658857649
+26658858229
+26658858259
+26658858766
+26658858805
+26658858817
+26658858902
+26658858949
+26658859008
+26658859224
+26658859556
+26658860096
+26658860186
+26658860310
+26658860449
+26658861014
+26658861111
+26658861253
+26658861361
+26658861869
+26658862533
+26658862795
+26658863461
+26658863611
+26658863631
+26658863944
+26658863948
+26658864042
+26658864059
+26658864100
+26658865166
+26658865319
+26658865355
+26658865401
+26658865472
+26658865530
+26658866029
+26658866310
+26658867145
+26658867322
+26658867344
+26658867905
+26658868293
+26658868372
+26658868522
+26658868966
+26658869008
+26658869044
+26658870036
+26658870159
+26658870239
+26658870635
+26658870916
+26658870991
+26658873828
+26658880005
+26658880016
+26658880162
+26658880305
+26658880329
+26658880663
+26658881788
+26658881975
+26658882049
+26658882116
+26658882127
+26658882258
+26658882444
+26658882840
+26658883294
+26658883409
+26658883412
+26658883541
+26658883639
+26658884005
+26658885444
+26658885541
+26658885898
+26658887310
+26658887372
+26658887476
+26658888007
+26658888117
+26658888321
+26658888344
+26658888357
+26658889003
+26658889041
+26658889373
+26658889376
+26658889397
+26658889452
+26658889748
+26658900313
+26658900850
+26658900877
+26658901470
+26658901891
+26658902240
+26658902305
+2665890+2667
+26658902982
+26658904357
+26658904998
+26658905482
+26658909766
+26658910442
+26658911020
+26658911118
+26658911156
+26658911606
+26658912954
+26658913609
+26658916361
+26658916598
+26658916945
+26658918936
+26658919944
+26658920349
+26658921010
+26658921364
+26658923319
+26658924212
+26658924764
+26658924831
+26658926450
+26658926496
+26658927537
+26658927940
+26658928977
+26658929782
+26658930218
+26658930415
+26658932306
+26658940634
+26658941675
+26658942045
+26658943276
+26658946890
+26658947001
+26658947154
+26658947661
+26658948783
+26658949445
+26658950094
+26658950301
+26658952770
+26658953155
+26658953228
+26658953618
+26658954664
+26658955958
+26658958083
+26658959229
+26658959595
+26658960590
+26658962045
+26658962261
+26658962352
+26658962434
+26658962510
+26658963226
+26658963292
+26658963508
+26658963956
+26658965405
+26658966453
+26658967196
+26658970022
+26658972900
+26658974141
+26658974603
+26658975501
+26658975555
+26658975583
+26658975621
+26658984104
+26658985122
+26658987727
+26658988270
+26658989744
+26658989776
+26658991861
+26658992081
+26658993627
+26658994053
+26658994140
+26658997432
+26658997456
+26658997599
+26658999474
+26658999999
+26659001107
+26659001209
+26659001220
+26659002464
+26659002752
+26659003187
+26659004829
+26659005198
+26659008175
+26659008802
+26659009630
+26659011656
+26659014205
+26659014289
+26659015211
+26659015747
+26659016819
+26659017904
+26659020130
+26659022270
+26659022343
+26659025390
+26659026260
+26659028444
+26659028858
+26659029983
+26659030159
+26659030513
+26659031603
+26659031616
+26659031646
+26659034747
+26659035768
+26659035874
+26659037047
+26659037573
+26659040215
+26659041902
+26659043091
+26659043330
+26659043403
+26659043413
+26659043539
+26659044354
+26659044776
+26659047373
+26659048603
+26659048890
+26659048919
+26659049102
+26659050556
+26659051356
+26659052270
+26659053268
+26659054538
+26659056213
+26659058068
+26659059880
+26659060116
+26659064196
+26659064777
+26659064920
+26659065630
+26659066368
+26659075577
+26659076047
+26659078551
+26659078766
+26659083766
+26659084028
+26659085182
+26659089602
+26659089731
+26659090916
+26659093615
+26659095049
+26659096031
+26659096534
+26659099167
+26659100942
+26659103607
+26659103744
+26659107533
+26659108039
+26659109078
+26659109454
+26659111250
+26659111345
+26659115359
+26659121610
+26659122679
+26659125250
+26659125765
+26659127978
+26659129990
+26659132813
+26659133232
+26659134152
+26659135952
+26659139738
+26659140447
+26659142044
+26659142175
+26659143978
+26659145580
+26659145768
+26659149361
+26659149769
+26659151662
+26659161673
+26659162883
+26659165975
+26659166994
+26659167524
+26659167744
+26659168033
+26659169959
+26659182197
+26659183113
+26659188178
+26659190082
+26659191132
+26659191305
+26659192291
+26659192347
+26659193756
+26659193934
+26659197561
+26659198933
+26659199084
+26659199222
+26659205651
+26659207879
+26659208452
+26659211870
+26659213245
+26659214660
+26659216416
+26659220002
+26659223090
+26659226421
+26659228263
+26659311618
+26659313966
+26659315659
+26659316473
+26659318096
+26659321363
+26659321827
+26659329426
+26659329465
+26659330278
+26659333329
+26659333369
+26659336954
+26659338838
+26659339514
+26659340278
+26659341586
+26659347630
+26659348400
+26659352488
+26659359805
+26659363801
+26659366351
+26659368344
+26659380175
+26659383476
+26659390431
+26659399184
+26659403447
+26659404664
+26659405691
+26659407201
+26659411290
+26659412276
+26659414779
+26659415900
+26659416495
+26659417330
+26659418660
+26659420454
+26659427334
+26659428991
+26659431058
+26659433463
+26659433628
+26659433635
+26659435358
+26659439544
+26659441106
+26659442780
+26659444995
+26659451245
+26659455096
+26659459328
+26659462550
+26659466090
+26659469645
+26659472880
+26659479616
+26659480606
+26659481240
+26659481906
+26659484406
+26659485287
+26659486860
+26659488077
+26659490969
+26659491042
+26659492000
+26659494957
+26659498083
+26659502444
+26659503084
+26659503200
+26659504903
+26659506071
+26659507227
+26659507451
+26659507633
+26659508973
+26659509072
+26659510452
+26659511337
+26659514529
+26659517429
+26659518885
+26659519795
+26659527665
+26659528222
+26659533532
+26659536021
+26659544666
+26659544942
+26659545111
+26659547050
+26659547104
+26659549819
+26659552545
+26659558680
+26659561258
+26659563349
+26659565724
+26659566342
+26659568468
+26659569249
+26659569745
+26659570776
+26659574444
+26659575277
+26659576428
+26659576690
+26659577717
+26659578414
+26659580290
+26659580483
+26659591923
+26659593651
+26659597353
+26659597556
+26659601622
+26659602085
+26659603937
+26659610144
+26659613777
+26659613878
+26659615001
+26659620944
+26659621184
+26659621940
+26659624309
+26659625020
+26659626318
+26659633037
+26659636695
+26659642965
+26659648198
+26659648286
+26659648840
+26659648971
+26659655210
+26659656099
+26659659993
+26659663595
+26659671310
+26659674132
+26659674139
+26659675609
+26659678757
+26659679355
+26659681889
+26659684435
+26659685440
+26659686038
+26659686316
+26659690532
+26659695260
+26659697001
+26659701069
+26659703901
+26659706560
+26659710611
+26659711276
+26659711566
+26659711811
+26659720910
+26659723531
+26659731915
+26659732546
+26659733902
+26659736315
+26659739661
+26659745372
+26659748888
+26659750125
+26659756257
+26659757549
+26659759996
+26659774811
+26659775092
+26659775436
+26659777999
+26659781854
+26659783462
+26659784037
+26659791424
+26659795219
+26659799534
+26659800004
+26659801649
+26659802844
+26659805211
+26659807102
+26659812540
+26659812633
+26659812920
+26659815558
+26659822764
+26659864072
+26659864680
+26659866873
+26659868577
+26659870806
+26659873236
+26659880430
+26659880998
+26659882867
+26659882868
+26659888820
+26659888999
+26659893255
+26659898933
+26659900455
+26659900718
+26659905553
+26659910747
+26659914723
+26659921920
+26659925065
+26659925515
+266599+26637
+26659929843
+26659933568
+26659937181
+26659937915
+26659938125
+26659953327
+26659954718
+26659956161
+26659957015
+26659961144
+26659966599
+26659968159
+26659968286
+26659970433
+26659972052
+26659977349
+26659980085
+26659980243
+26659980812
+26659987588
+26659988268
+26659989666
+26659989841
+26659991983
+26662000018
+26662000024
+26662000029
+26662000039
+26662000063
+26662000088
+26662000125
+26662000126
+26662000444
+26662000536
+26662000669
+26662000929
+26662001214
+26662001229
+26662001800
+26662002120
+26662002324
+26662002404
+26662003456
+26662003740
+26662003818
+26662003878
+26662004130
+26662004630
+26662004902
+26662005252
+26662005606
+26662006826
+26662006864
+26662007118
+26662008270
+26662008836
+26662009633
+26662009669
+26662009829
+26662010712
+26662017583
+26662019007
+26662020564
+26662020586
+26662022002
+26662026713
+26662041354
+26662047576
+26662051521
+26662052003
+26662054195
+26662054954
+26662057054
+26662065353
+26662078410
+26662078633
+26662079800
+26662080008
+26662084068
+26662096730
+26662097102
+26662100878
+26662103411
+26662103543
+26662105954
+26662107242
+26662110092
+26662110110
+26662112347
+26662112352
+26662112388
+26662112389
+26662112393
+26662112401
+26662112411
+26662112415
+26662112418
+26662112463
+26662112476
+26662125522
+26662132391
+26662133788
+26662134443
+26662142420
+26662170859
+26662173789
+26662191000
+26662196666
+26662199084
+26662200125
+26662200599
+26662200846
+26662204388
+26662210101
+26662220003
+26662220092
+26662220345
+26662221113
+26662221208
+26662221622
+26662221900
+26662221977
+26662221980
+26662222235
+26662222268
+26662222275
+26662223599
+26662226447
+26662227222
+26662227799
+26662228584
+26662237383
+26662262286
+26662+266227
+26662288882
+26662306119
+26662320529
+26662322115
+26662333332
+26662333388
+26662334400
+26662336166
+26662350035
+26662352115
+26662360685
+26662392115
+26662400009
+26662420923
+26662428838
+26662433674
+26662439235
+26662443828
+26662451333
+26662460090
+26662461567
+26662466090
+26662473348
+26662497000
+26662499555
+26662500965
+26662519163
+2666253+2661
+26662545454
+26662549631
+26662549884
+26662550025
+26662551107
+26662551155
+26662555544
+26662559750
+26662624526
+26662626162
+26662642114
+2666+2666342
+2666+2666501
+2666+2668742
+26662696999
+26662718072
+26662725005
+26662728990
+26662732732
+26662737778
+26662739827
+26662741806
+26662744273
+26662768941
+26662770031
+26662770077
+26662773029
+26662775474
+26662776646
+26662776779
+26662778657
+26662778887
+26662780553
+26662781414
+26662782779
+26662783030
+26662785334
+26662786339
+26662789018
+26662793551
+26662795959
+26662801414
+26662805010
+26662817073
+26662824584
+26662827487
+26662841220
+26662842369
+26662845787
+26662846810
+26662849564
+26662850390
+26662850886
+26662851716
+26662851922
+26662853340
+26662853389
+26662854048
+26662855153
+26662856529
+26662856818
+26662857507
+26662857662
+26662858763
+26662862795
+26662865710
+26662865814
+26662867241
+26662868190
+26662870568
+26662881111
+26662888234
+26662902240
+26662903550
+26662904590
+26662908535
+26662915915
+26662932306
+26662946974
+26662950600
+26662955627
+26662956377
+26662957279
+26662960601
+26662975655
+26662983605
+26662996699
+26662997275
+26663001094
+26663002540
+26663003232
+26663003494
+26663003938
+26663004414
+26663004505
+26663005050
+26663005273
+26663005555
+26663005750
+26663006777
+26663007497
+26663007663
+26663008066
+26663008085
+26663008743
+26663010129
+26663010189
+26663010368
+26663010562
+26663011576
+26663012046
+26663012482
+26663012559
+26663013253
+26663014465
+26663015293
+26663015586
+26663016969
+26663018976
+26663018990
+26663019+266
+26663020079
+26663020950
+26663023934
+26663024637
+26663024930
+26663025626
+26663027450
+26663030816
+26663031651
+26663034426
+26663038409
+26663040994
+26663041060
+26663042297
+26663043533
+26663044994
+26663045144
+26663047265
+26663047317
+26663049281
+26663049305
+26663050934
+26663051277
+26663051808
+26663052775
+26663055525
+26663055890
+26663056075
+26663056913
+26663058919
+26663059408
+26663061232
+26663061630
+26663062865
+26663063110
+26663064598
+26663064898
+26663065293
+26663067056
+26663067075
+26663067308
+26663069791
+26663071534
+26663071848
+26663071884
+2666307+2669
+26663073519
+26663073549
+26663074555
+26663077624
+26663077777
+26663077782
+26663085798
+26663087498
+26663090238
+26663093302
+26663098061
+26663099023
+26663100882
+26663101199
+26663102000
+26663102580
+26663102888
+26663104635
+26663107319
+26663113401
+26663114551
+26663115829
+26663116069
+26663116242
+26663116440
+26663117318
+26663117900
+26663118466
+26663118566
+26663120060
+26663120505
+26663122691
+26663123780
+26663124687
+26663125506
+26663130649
+26663133352
+26663135698
+26663138460
+26663141414
+26663156031
+26663159442
+26663160774
+26663164019
+26663165671
+26663174497
+26663174545
+26663175935
+26663177698
+26663178399
+26663184364
+26663185661
+26663189646
+26663198273
+26663199682
+26663200101
+26663202303
+26663205290
+26663210042
+26663215264
+26663220676
+26663221730
+26663222180
+26663226836
+26663231185
+26663231953
+26663233917
+26663244525
+26663247160
+26663249236
+26663263100
+26663265442
+26663+266166
+26663277060
+26663277255
+26663279403
+26663282406
+26663284791
+26663285361
+26663290149
+26663295518
+26663295560
+26663311888
+26663315748
+26663317860
+26663329017
+26663331531
+26663332260
+26663332704
+26663335379
+26663337206
+26663338950
+26663341630
+26663344290
+26663344361
+26663348574
+26663361276
+26663367122
+26663371581
+26663372000
+26663377196
+26663378943
+26663380761
+26663390850
+26663394605
+26663395401
+26663396738
+26663396990
+26663401414
+26663407596
+26663415160
+26663415540
+26663417580
+26663417894
+26663424626
+26663427277
+26663428754
+26663431777
+26663433163
+26663437719
+26663438730
+26663439973
+26663441241
+26663441988
+26663460303
+26663468707
+26663484231
+26663488626
+26663489214
+26663491860
+26663494340
+26663499194
+26663502835
+26663503672
+26663509745
+26663510+266
+26663511845
+26663513314
+26663515248
+26663518792
+26663541533
+26663564203
+26663566567
+26663567534
+26663576819
+26663577634
+26663595544
+26663600382
+26663607580
+26663607648
+26663617859
+26663618252
+26663618585
+26663618694
+26663619981
+26663628306
+26663629280
+26663632937
+26663633049
+26663642284
+26663643224
+26663644994
+26663645600
+26663646364
+26663654556
+26663661726
+26663662307
+26663665499
+26663667211
+26663667919
+26663669292
+26663671195
+26663674917
+26663682066
+26663683597
+26663686166
+26663701414
+26663706515
+26663719637
+26663723828
+26663725737
+26663733085
+26663735664
+26663735667
+26663740015
+26663759372
+26663760066
+26663765222
+26663769873
+26663769908
+26663770597
+26663771572
+26663771652
+26663774497
+26663775705
+26663780628
+26663791866
+26663799777
+26663813352
+26663815519
+26663818440
+26663820835
+26663824217
+26663828314
+26663841115
+26663841693
+26663844155
+26663846888
+26663858268
+26663858418
+26663861232
+26663863638
+26663867303
+26663877883
+26663879629
+26663892697
+26663899735
+26663901491
+26663911577
+26663914425
+26663928434
+26663929482
+26663935755
+26663937470
+26663939900
+26663941477
+2666394+2668
+26663945383
+26663950477
+26663950668
+26663951098
+26663952602
+26663958269
+26663958430
+26663974085
+26663982551
+26663985914
+26663987814
+26664002748
+26664005252
+26664008200
+26664009429
+26664016945
+26664017575
+26664019834
+26664022982
+26664030142
+26664037881
+26664040300
+26664040564
+26664046967
+26664055424
+26664057766
+26664058581
+26664081864
+26664082211
+26664083192
+26664083799
+26664085038
+26664101014
+26664101469
+26664104285
+26664106146
+26664310145
+26664323986
+26665000219
+26665000241
+26665000422
+26665001110
+26665001484
+26665001493
+26665001582
+26665002960
+26665003248
+26665005928
+26665006532
+26665006533
+26665007576
+26665007618
+26665007777
+26665009823
+26665010080
+26665010109
+26665010392
+26666000256
+26666030065
+26666031083
+26666032129
+26666070575
+26666110092
+26666130055
+26666141774
+26666300094
+26666301171
+26666304440
+26666306767
+26666322803
+26666327018
+26666340158
+26666774054
+26666880000
+26666880014
+26666880017
+26666880042
+26666880061
+26666880068
+26666880117
+26666880256
+26666880261
+26666880265
+26666880361
+26666880410
+26666880444
+26666880500
+26666880533
+26666880915
+26666880935
+26666881052
+26666881063
+26666881111
+26666881291
+26666881435
+26666881545
+26666882026
+26666882050
+26666882288
+26666882326
+26666882503
+26666882516
+26666882717
+26667080977
+26667093902
+26667095112
+26667125050
+26667126469
+26667145662
+26667146838
+26667162620
+26667192691
+26667196945
+26667202880
+26667203150
+26667223836
+26667224040
+26667227204
+26667229012
+26667229276
+26667232737
+26667272712
+26667289509
+26667304787
+26667325026
+26667333193
+26667340282
+26667357076
+26667369086
+26667374599
+26667376979
+26667380117
+26667383707
+26667422651
+26667439723
+26667894947
+26667908865
+26667914114
+26667925531
+26667952317
+26667972055
+26667978013
+26667981819
+26667999696
+26668006006
+26668008081
+26668008314
+26668035700
+26668047332
+26668058481
+26668074056
+26668091709
+26668102380
+26668106565
+26668113090
+26668123730
+26668132706
+26668141618
+26668144144
+26668175746
+26668188048
+26668231377
+26668233748
+26668236953
+26668242943
+26668244464
+26668264329
+26668264737
+26668270461
+26668270515
+26668271540
+26668280238
+26668291960
+26668299100
+26668307516
+26668316272
+26668346217
+26668348915
+26668349061
+26668401015
+26668404503
+26668412027
+26668485635
+26668487465
+26668493154
+26668519855
+26668524825
+26668524957
+26668537654
+26668548768
+26668551166
+26668565541
+26668566794
+26668582892
+26668585312
+26668585315
+26668585746
+26668596178
+26668602081
+26668616497
+26668622417
+26668627290
+26668640565
+26668656565
+26668670391
+26653652965