+26658604023 
+26659813269 
+26668082500 
+26659423735 
+26659715045 
+26663020079 
+26658741156 
+26657009644 
+26650053707 
+26662984141 
+26658564302 
+26650506300 
+26659678081 
+26653829902 
+26656405558 
+26656052271 
+26656466461 
+26659057666 
+26650345368 
+26659648971 
+26663460084 
+26653359743 
+26656395707 
+26657096120 
+26658994243 
+26653980627 
+26656234328 
+26658409451 
+26659416769 
+26659613817 
+26658747835 
+26656528834 
+26656209332 
+26659901500 
+26653257295 
+26668380434 
+26663504639 
+26653893983 
+26656837978 
+26658967037 
+26653702211 
+26650915032 
+26653148478 
+26663982551 
+26650095195 
+26668274680 
+26658009477 
+26653821623 
+26656825630 
+26658670126 
+26656368611 
+26656942271 
+26650265148 
+26657967092 
+26653367888 
+26656508096 
+26653625287 
+26658605328 
+26653976693 
+26667141866 
+26659758783 
+26668536117 
+26658845102 
+26659166891 
+26657706528 
+26658512908 
+26658024071 
+26657042698 
+26656195739 
+26658058612 
+26658909615 
+26657313975 
+26658688637 
+26658487177 
+26656843438 
+26659205564 
+26650870946 
+26658881930 
+26650922705 
+26658684819 
+26668189204 
+26659603192 
+26650098947 
+26657020564 
+26656702779 
+26656712146 
+26656913413 
+26658493642 
+26657534990 
+26656938446 
+26657324502 
+26653788256 
+26651609106 
+26667853753 
+26650872423 
+26653461878 
+26667197521 
+26658771196 
+26656570609 
+26667257288 
+26663138393 
+26658668462 
+26650340365 
+26657442614 
+26650911918 
+26659528994 
+26657164171 
+26668399376 
+26658578727 
+26664027000 
+26668581016 
+26656056126 
+26656830956 
+26657039930 
+26653553550 
+26650766149 
+26659163056 
+26653477049 
+26653430453 
+26659409036 
+26657284433 
+26656523498 
+26657117533 
+26658664359 
+26650783141 
+26653227691 
+26659453992 
+26657912022 
+26653789061 
+26658554489 
+26656787179 
+26650016764 
+26668549444 
+26658729676 
+26663122755 
+26650859964 
+26653078616 
+26659447476 
+26650852417 
+26653654411 
+26653449156 
+26659020647 
+26659731667 
+26657153096 
+26651464813 
+26658766841 
+26658862533 
+26651796961 
+26653556925 
+26650082555 
+26650518216 
+26658441028 
+26651499612 
+26659009989 
+26656278576 
+26658950008 
+26656583575 
+26656934478 
+26651424571 
+26668654856 
+26657473783 
+26653449166 
+26653766185 
+26658484740 
+26658682315 
+26657205711 
+26658906922 
+26651643367 
+26659346121 
+26659190151 
+26650023503 
+26657433152 
+26659500810 
+26659225348 
+26656751909 
+26657076258 
+26656269599 
+26659456508 
+26656654935 
+26656216892 
+26657139916 
+26657495340 
+26659119607 
+26656183209 
+26650954521 
+26651646136 
+26650226447 
+26658887366 
+26650838673 
+26650518228 
+26653796617 
+26658662020 
+26653383251 
+26651609363 
+26656454446 
+26659728669 
+26658839675 
+26659576428 
+26663044906 
+26650671529 
+26663661637 
+26653536332 
+26653176114 
+26658823707 
+26663166005 
+26657089422 
+26651645784 
+26653845872 
+26658839399 
+26650223964 
+26663790062 
+26663806808 
+26651638787 
+26658541706 
+26658765000 
+26653505634 
+26659704362 
+26658486390 
+26663864064 
+26667994443 
+26659077179 
+26653373339 
+26659880998 
+26663969118 
+26653717948 
+26650672168 
+26653712130 
+26663987559 
+26658680552 
+26663286736 
+26656492075 
+26653765039 
+26650224330 
+26656429965 
+26659116804 
+26663709977 
+26653340020 
+26658594382 
+26664059049 
+26656296546 
+26650698150 
+26657402733 
+26653411432 
+26657777749 
+26658725161 
+26659959910 
+26650533457 
+26659023367 
+26653472640 
+26656231360 
+26658429136 
+26656104796 
+26659034932 
+26658813388 
+26650544770 
+26662228080 
+26650149645 
+26653265237 
+26658451516 
+26650927948 
+26656051556 
+26668400130 
+26653991687 
+26658495344 
+26656898421 
+26650538954 
+26664301068 
+26657587416 
+26668518107 
+26658780377 
+26658717037 
+26650306208 
+26658401030 
+26650407781 
+26653181935 
+26650858759 
+26668124216 
+26658186303 
+26662222101 
+26659783923 
+26651748110 
+26658489195 
+26658432583 
+26653180950 
+26653950031 
+26657783581 
+26653158061 
+26653522622 
+26659948299 
+26657582318 
+26668607554 
+26653977990 
+26650593152 
+26663672440 
+26653387163 
+26658426747 
+26667172136 
+26659210903 
+26650545672 
+26658856529 
+26658865319 
+26667942882 
+26659598219 
+26658024466 
+26662222884 
+26668271635 
+26663045144 
+26663856589 
+26657756292 
+26656707087 
+26658073711 
+26659420962 
+26656446569 
+26659758417 
+26657180897 
+26656723620 
+26658153626 
+26659605300 
+26662780233 
+26658927167 
+26658466412 
+26657758787 
+26656330545 
+26659045776 
+26659020404 
+26659728142 
+26659755630 
+26668654821 
+26658975938 
+26658051691 
+26657568089 
+26658789018 
+26657892881 
+26656741576 
+26653477028 
+26656753115 
+26653626103 
+26656981671 
+26662003878 
+26657321691 
+26659625020 
+26657283017 
+26658425310 
+26658482808 
+26663071884 
+26650194107 
+26650222785 
+26653260828 
+26668280238 
+26659534738 
+26653975009 
+26659622828 
+26653185419 
+26666031788 
+26653641313 
+26663007108 
+26658883407 
+26650496131 
+26668484960 
+26656823682 
+26665001306 
+26653326236 
+26657281187 
+26658468068 
+26658494201 
+26663864962 
+26653872925 
+26658759244 
+26663776600 
+26650514237 
+26666772610 
+26651642307 
+26650852581 
+26656876987 
+26650359352 
+26657110142 
+26658490726 
+26659464395 
+26659992094 
+26650743889 
+26659709669 
+26658522880 
+26658025493 
+26663819341 
+26663130115 
+26658503852 
+26658063513 
+26653764312 
+26656520256 
+26659150723 
+26663634004 
+26657006200 
+26656185269 
+26657874154 
+26668282548 
+26657314571 
+26658441069 
+26658475414 
+26659963564 
+26658539217 
+26659806601 
+26658048065 
+26659941231 
+26650709080 
+26653742298 
+26658078881 
+26651646828 
+26659455214 
+26650960604 
+26658850005 
+26653371932 
+26656691832 
+26662282012 
+26653305762 
+26657332474 
+26662009539 
+26667974048 
+26659578414 
+26657255841 
+26662220003 
+26668055530 
+26659093615 
+26663959301 
+26658752338 
+26653442854 
+26657019457 
+26656108561 
+26658484150 
+26656550675 
+26657520294 
+26659441627 
+26650503873 
+26659452705 
+26656530066 
+26663838500 
+26653873221 
+26659167912 
+26656913900 
+26659481240 
+26657279190 
+26650954868 
+26658151555 
+26656054253 
+26658784904 
+26662499555 
+26659023448 
+26658909215 
+26651617732 
+26659775092 
+26657303180 
+26659148749 
+26658850709 
+26658851185 
+26664081864 
+26656522918 
+26659460871 
+26650690637 
+26657624336 
+26658714244 
+26653217501 
+26658992081 
+26658084068 
+26658134076 
+26653427755 
+26662854048 
+26662000039 
+26659469645 
+26657311213 
+26653837582 
+26659507027 
+26658851377 
+26658050604 
+26663072695 
+26659528222 
+26657774091 
+26656606087 
+26663005840 
+26658674693 
+26658787773 
+26658838644 
+26656894723 
+26658868307 
+26662787896 
+26667357076 
+26659583653 
+26663489435 
+26658452560 
+26658071682 
+26663331230 
+26658100196 
+26662125050 
+26668585746 
+26658778793 
+26659006825 
+26657010013 
+26659207604 
+26656520206 
+26663197731 
+26658912497 
+26658508483 
+26658999653 
+26656648283 
+26663148306 
+26658766990 
+26657804840 
+26658486925 
+26659645227 
+26650312565 
+26653781955 
+26650008048 
+26628323800 
+26656959786 
+26658860096 
+26658143395 
+26658929694 
+26659155043 
+26650766289 
+26664102331 
+26656798601 
+26650182992 
+26658400888 
+26657783691 
+26668245202 
+26657676593 
+26653543637 
+26658964597 
+26659221822 
+26658961056 
+26667093902 
+26668665912 
+26659539630 
+26658011399 
+26656223418 
+26667752352 
+26668508674 
+26656994909 
26672000001 
+26656327240 
+26659776200 
+26656697398 
+26653256840 
+26662282122 
+26658538202 
+26659703064 
+26658056738 
+26658889438 
+26659416996 
+26656959865 
+26657854001 
+26658882127 
+26656759166 
+26650481124 
+26662014918 
+26663140833 
+26653871220 
+26653471974 
+26656652372 
+26658889488 
+26664108348 
+26658108037 
+26658066482 
+26653873887 
+26658889376 
+26659467472 
+26663844279 
+26662885282 
+26656655224 
+26659439854 
+26658780233 
+26657777647 
+26656477239 
+26667811084 
+26656866617 
+26659159584 
+26650432691 
+26653105242 
+26653767035 
+26659228863 
+26651717098 
+26658035433 
+26663864533 
+26658095369 
+26658868762 
+26656230596 
+26657347997 
+26668535019 
+26658123758 
+26653886748 
+26658889452 
+26658870099 
+26657934231 
+26667336161 
+26650295322 
+26653473632 
+26658941101 
+26658604023 
+26659813269 
+26668082500 
+26659423735 
+26659715045 
+26663020079 
+26658741156 
+26657009644 
+26650053707 
+26658849424 
+26656048018 
+26658860252 
+26650065176 
+26662984141 
+26653136993 
+26656714873 
+26658643093 
+26658564302 
+26650506300 
+26659678081 
+26653829902 
+26656405558 
+26656195739 
+26656052271 
+26656466461 
+26659057666 
+26650345368 
+26659648971 
+26663460084 
+26653359743 
+26656395707 
+26657096120 
+26658994243 
+26653980627 
+26656234328 
+26658409451 
+26658760194 
+26659416769 
+26659613817 
+26658747835 
+26656528834 
+26656209332 
+26659901500 
+26653257295 
+26659802776 
+26668380434 
+26663504639 
+26653893983 
+26656837978 
+26658967037 
+26658690505 
+26653702211 
+26650915032 
+26653148478 
+26663982551 
+26668274680 
+26663076883 
+26650867239 
+26650095195 
+26658009477 
+26653821623 
+26656825630 
+26658670126 
+26656368611 
+26656942271 
+26650265148 
+26657967092 
+26653367888 
+26656508096 
+26653625287 
+26658605328 
+26653976693 
+26667141866 
+26659758783 
+26668536117 
+26658845102 
+26659166891 
+26657706528 
+26658512908 
+26658024071 
+26657042698 
+26658058612 
+26658909615 
+26657313975 
+26658688637 
+26658487177 
+26656843438 
+26659205564 
+26650870946 
+26658881930 
+26650922705 
+26656242908 
+26658684819 
+26659467472 
+26662226006 
+26668189204 
+26659603192 
+26650098947 
+26657020564 
+26656702779 
+26656712146 
+26656913413 
+26658493642 
+26657534990 
+26656938446 
+26657324502 
+26653788256 
+26651609106 
+26667853753 
+26650872423 
+26668344544 
+26653461878 
+26667197521 
+26658771196 
+26656570609 
+26667257288 
+26663138393 
+26658668462 
+26650340365 
+26657442614 
+26650911918 
+26659528994 
+26657164171 
+26668399376 
+26658578727 
+26664027000 
+26668581016 
+26656056126 
+26656830956 
+26657039930 
+26653553550 
+26650766149 
+26659163056 
+26663489435 
+26653477049 
+26653430453 
+26659409036 
+26657284433 
+26656523498 
+26657117533 
+26658664359 
+26650783141 
+26653227691 
+26659453992 
+26657912022 
+26653789061 
+26658554489 
+26656787179 
+26650016764 
+26668549444 
+26658729676 
+26663122755 
+26657572496 
+26650859964 
+26653078616 
+26659447476 
+26650852417 
+26653654411 
+26653449156 
+26659020647 
+26659731667 
+26657153096 
+26651464813 
+26658766841 
+26658862533 
+26657349451 
+26651796961 
+26653556925 
+26650082555 
+26650518216 
+26658441028 
+26651499612 
+26659009989 
+26656278576 
+26658950008 
+26656583575 
+26656934478 
+26651424571 
+26668654856 
+26657473783 
+26657527554 
+26653449166 
+26653766185 
+26658484740 
+26658682315 
+26657205711 
+26658906922 
+26651643367 
+26659346121 
+26659190151 
+26650023503 
+26657433152 
+26659500810 
+26659225348 
+26656751909 
+26657076258 
+26656269599 
+26659456508 
+26656654935 
+26656216892 
+26657139916 
+26657495340 
+26659119607 
+26656183209 
+26650954521 
+26651646136 
+26650226447 
+26658887366 
+26650838673 
+26650518228 
+26653796617 
+26658662020 
+26653383251 
+26651609363 
+26656454446 
+26659728669 
+26658839675 
+26659576428 
+26663044906 
+26650671529 
+26658759244 
+26663661637 
+26653536332 
+26653176114 
+26658823707 
+26663166005 
+26657089422 
+26664022458 
+26651645784 
+26653845872 
+26658839399 
+26650223964 
+26663790062 
+26663806808 
+26651638787 
+26658541706 
+26658765000 
+26653505634 
+26659704362 
+26658486390 
+26663864064 
+26667994443 
+26659077179 
+26653373339 
+26659880998 
+26663969118 
+26656370899 
+26658720510 
+26663988319 
+26653717948 
+26650672168 
+26653712130 
+26663987559 
+26658680552 
+26663286736 
+26656492075 
+26653765039 
+26650224330 
+26656429965 
+26659116804 
+26663709977 
+26653340020 
+26658594382 
+26664059049 
+26663808685 
+26656296546 
+26650698150 
+26657402733 
+26653411432 
+26657777749 
+26658725161 
+26662202000 
+26659959910 
+26656626944 
+26650533457 
+26658881000 
+26659023367 
+26653472640 
+26656231360 
+26658429136 
+26656104796 
+26659034932 
+26658813388 
+26650544770 
+26662228080 
+26650149645 
+26653265237 
+26658451516 
+26650927948 
+26656051556 
+26668400130 
+26653991687 
+26658495344 
+26656898421 
+26650538954 
+26664301068 
+26657587416 
+26668518107 
+26658780377 
+26662006660 
+26658717037 
+26650306208 
+26658401030 
+26650407781 
+26653181935 
+26650858759 
+26668124216 
+26658186303 
+26662222101 
+26659783923 
+26651748110 
+26658489195 
+26663004828 
+26658432583 
+26653180950 
+26653950031 
+26657783581 
+26653158061 
+26653522622 
+26659948299 
+26657582318 
+26668607554 
+26653977990 
+26650593152 
+26663672440 
+26664062990 
+26653387163 
+26658800312 
+26658426747 
+26667172136 
+26659210903 
+26650545672 
+26658856529 
+26658865319 
+26667942882 
+26659598219 
+26658024466 
+26662222884 
+26668271635 
+26656958808 
+26656255057 
+26662760803 
+26663045144 
+26658889452 
+26658056738 
+26663856589 
+26662224206 
+26657756292 
+26656707087 
+26658073711 
+26659420962 
+26656446569 
+26659758417 
+26657180897 
+26656723620 
+26658153626 
+26659605300 
+26662780233 
+26658927167 
+26658466412 
+26657758787 
+26656330545 
+26659045776 
+26668654821 
+26659020404 
+26658855656 
+26659728142 
+26659391634 
+26659755630 
+26658975938 
+26658051691 
+26657568089 
+26658789018 
+26657892881 
+26656741576 
+26653477028 
+26656753115 
+26662022396 
+26653626103 
+26658813634 
+26656981671 
+26662003878 
+26657321691 
+26659625020 
+26657283017 
+26658425310 
+26658482808 
+26663071884 
+26650194107 
+26650222785 
+26653260828 
+26668280238 
+26659534738 
+26653975009 
+26659622828 
+26653185419 
+26666031788 
+26653641313 
+26663007108 
+26658883407 
+26650496131 
+26668484960 
+26656823682 
+26662227222 
+26665001306 
+26653326236 
+26657281187 
+26664000014 
+26658468068 
+26658494201 
+26663864962 
+26653872925 
+26663776600 
+26650514237 
+26666772610 
+26651642307 
+26650852581 
+26656876987 
+26650359352 
+26657110142 
+26658490726 
+26659464395 
+26659992094 
+26650743889 
+26659709669 
+26658522880 
+26658025493 
+26663819341 
+26663130115 
+26658503852 
+26658063513 
+26653764312 
+26656520256 
+26659150723 
+26663634004 
+26657006200 
+26656185269 
+26658840909 
+26657874154 
+26668282548 
+26657314571 
+26658441069 
+26658475414 
+26659963564 
+26658539217 
+26659806601 
+26658048065 
+26659941231 
+26650709080 
+26662282122 
+26653742298 
+26658078881 
+26651646828 
+26659455214 
+26650960604 
+26657019457 
+26658850005 
+26653371932 
+26656691832 
+26662282012 
+26653305762 
+26657332474 
+26656005012 
+26662009539 
+26667974048 
+26659578414 
+26657255841 
+26662220003 
+26662131294 
+26659460871 
+26668055530 
+26659093615 
+26663959301 
+26658752338 
+26653442854 
+26656108561 
+26650509689 
+26658484150 
+26656550675 
+26657520294 
+26659441627 
+26650503873 
+26659452705 
+26656530066 
+26663838500 
+26653873221 
+26659167912 
+26656913900 
+26659481240 
+26657279190 
+26650954868 
+26658151555 
+26656054253 
+26658784904 
+26659023448 
+26651617732 
+26659775092 
+26657303180 
+26659148749 
+26658850709 
+26658851185 
+26664081864 
+26656522918 
+26650690637 
+26657624336 
+26658714244 
+26653217501 
+26658992081 
+26658084068 
+26653427755 
+26662854048 
+26662000039 
+26659469645 
+26657311213 
+26653837582 
+26659507027 
+26658851377 
+26658050604 
+26663072695 
+26659528222 
+26657774091 
+26656606087 
+26663005840 
+26658674693 
+26658787773 
+26658838644 
+26656894723 
+26658868307 
+26662787896 
+26667357076 
+26659583653 
+26658452560 
+26658071682 
+26663331230 
+26658100196 
+26662125050 
+26668585746 
+26658778793 
+26659006825 
+26657010013 
+26659207604 
+26656520206 
+26663197731 
+26658912497 
+26658508483 
+26658999653 
+26656176099 
+26656648283 
+26663148306 
+26658766990 
+26658882840 
+26657804840 
+26658486925 
+26659645227 
+26650312565 
+26653781955 
+26650008048 
+26628323800 
+26656959786 
+26658860096 
+26657649839 
+26658143395 
+26658929694 
+26659155043 
+26663741032 
+26650766289 
+26664102331 
+26656798601 
+26650182992 
+26658400888 
+26657783691 
+26668245202 
+26657676593 
+26653543637 
+26658964597 
+26659221822 
+26658961056 
+26667093902 
+26668665912 
+26662221155 
+26659539630 
+26658011399 
+26658415219 
+26658853561 
+26656223418 
+26658019839 
+26657953600 
+26653367757 
