63044571
58869041
59976883
59793837
63332830
59759413
59097912
58430975
59759760
62141945
57033385
59063680
58075020
58869732
63402363
59668444
56528180
57480006
58453862
62973735
59095216
58960698
62181222
62203803
58681224
62039471
62773029
58811658
63134824
58058438
58773188
56199789
62000197
63635544
62007794
56204155
62260022
57853944
63800785
62842065
58870912
62777000
50221558
56144385
57643535
56284379
58082949
63097129
59811716
58781041
62009767
58858878
58509079
59775684
62169601
59355461
63645548
56301669
56444012
58725918
57515797
63799774
58948758
58853415
58125305
58856882
62207874
58850818
58400021
58880681
62009280
58438390
58481563
63001486
28320123
62855833
56254633
58847040
62771886
59582919
63475122
67271873
57374191
63382677
53082307
56898139
59959825
63817971
63065788
63624507
63040208
58841482
58860560
63049433
65002125
63000503
63153825
63022713
63088900
58141848
63080299
57484263
58956415
58437525
58504059
62221013
50440515
5735284
58884838
59609029
62055550
63116320
63499142
56961371
58741199
58020344
63072759
56677484
63537447
58959265
58883367
50920881
58840047
58468442
62669688
58860020
62232108
59869680
58866268
62001880
62114747
63021702
58842702
58757886
62320626
63104047
62000616
62626250
56073607
58083469
59923230
58028588
57799967
62944402
63022904
63087498
59913321
58417055
57081299
59570513
63001348
62240044
62850094
62995449
56620725
63150296
59029664
57755731
58793784
58880906
62078090
62090782
59550059
64039918
63163496
63174545
57755820
63007768
63333450
58866481
62209631
59487060
62177000
63309994
58479156
56099995
58883393
63079238
63290115
57331716
56660123
63215399
62221818
58467929
59580273
58863115
63303366
62221032
63763832
59446793
58909178
63905197
58187666
62250250
62740008
64064010
58475902
62016914
58860558
63504499
58029127
58010293
62223111
58721143
63003653
62857833
58854021
62111911
58771998
58590707
58777507
62850687
59002569
27007999
62113366
58868488
58980981
63630248
58690318
58556521
63268885
58092614
56868813
62076590
58840381
58860222
63268831
62007144
59525084
58017438
58921010
58748884
58922204
58050604
62426426
59125074
56312509
62305297
62484666
58923453
62200080
62112372
62544570
63016911
58848823
57588413
58098871
62005544
58739256
58713239
58488892
57038306
58015256
58606439
58989601
58428881
62444494
62001937
58132504
63000118
58593733
58061024
63197167
59466737
58860002
62006787
62110092
62116092
58739240
58920774
63143714
62260606
62206227
62994693
58551994
63007707
62751526
58850619
58973377
58781908
62855525
58913469
63007814
59491702
62138884
62418639
58766622
58965651
59122327
63372797
58883435
58032707
57138333
59062422
58841542
58883542
58432708
59060808
58859166
62402944
63237839
63663674
56622770
58888220
63563494
58777644
58723954
58839165
63688995
58853453
63851983
56589226
58029016
62004949
62112413
62957397
62200677
58581414
58845405
56549928
62003924
58857444
50083783
59486056
59615259
59187090
62000809
59000179
58856649
58859609
50698669
58565877
62771177
56284713
58450710
62883117
59084750
56141249
62722736
63023249
56302589
63565542
58662218
58845816
63237030
58856855
63665949
59868358
62727374
63799777
28461777
59555622
58858297
63919180
50741757
63700004
62000982
62004297
59657323
58845844
58420660
58411920
63050197
50922875
58738807
62037212
58843003
63080100
62555510
58881150
62200214
63117917
62732302
58996746
58454586
58581009
62712901
56702664
58952701
88956495
56133399
58424794
63933809
58401093
68140909
59160574
62064455
63367243
58444262
63973210
58852022
63000111
58780615
57713028
63079332
62137160
58762229
59415061
59870622
58592168
58775265
56715850
62913738
62993522
58965608
62820024
58447808
58794531
62674626
59802577
28311517
63000570
50115354
58973772
58555551
58993510
62084255
58422141
58722615
58888401
58592160
64375711
62237370
62000606
58706495
57140055
62627171
56300695
62019855
58475433
58747043
58800330
63738244
63701600
58746213
58857738
56817471
58488725
59062743
59561911
59492377
62221976
58587223
62002444
58960949
62223433
62000610
59007007
62022777
62446096
62849470
62057566
58888825
58860444
58578527
63150660
62916305
59595324
58416172
58490282
59391188
58858614
63150666
58131147
59139356
62696969
57280318
58561180
63013977
50262906
59013323
58014835
59776606
58057159
56486294
58719156
58842155
59500364
58688793
58428773
58428775
58719877
59132130
58055971
62009411
62035157
58711737
58710172
63359565
58401373
59369842
58889341
58749457
62002310
56856167
63254989
58887364
58001575
58745570
57648429
58733946
58466643
62088688
62042399
62001983
50837133
62444006
59361299
63493256
62322383
59597409
63097441
59201924
62112277
58733335
63377888
58882212
58496269
57415415
58022717
62107873
58854983
59623903
58850380
62888003
62277770
62041606
58851242
58811260
62555071
58850600
58084525
58436772
56715755
63109457
62853739
58049562
56100431
58880921
59186647
59455214
63981366
62855088
50099556
58688481
58739824
59002886
62816201
58524722
63012564
63988501
58091517
58855801
58064247
62003030
58861932
58590855
63222522
58793338
63061778
58846502
63188104
58664142
62780410
58759897
63010129
63759578
62400450
63064949
62064722
59923810
57810908
58859091
58858834
62882050
62009229
58852199
62560637
57237248
59790620
62675272
62855015
57478823
62125707
63079798
59150768
58990995
62818281
59729596
56446190
59987607
56135377
63001415
59710026
56981095
62011976
58989053
58961729
58795471
58417323
62730798
58446464
58705585
59393564
58859422
57648991
58713234
58909864
58849003
56315573
62885400
59704982
62282008
58063171
62950584
58870102
59942473
57686106
58031605
62056738
58848744
62000321
62212120
58531752
63816524
58847996
67092290
58868141
52568346
56457573
58664376
63395409
62007332
63155965
59003201
59453487
57721192
62040623
58027758
62787928
58485859
58023608
57756808
58771372
63840338
58057566
58418389
62141414
63089087
63643324
63547312
59349005
56941150
63308953
58735526
59404664
62181127
58866246
50222997
57177154
62333326
56122363
63119208
63183415
66109561
62213232
63071119
56803556
59355946
63072671
62141945
58821888
62009496
62856545
58858738
58559266
58740551
59051799
59422786
58864882
58562490
62007794
58999788
62525979
59689073
58865317
59040477
58858878
50225536
58861393
57693662
62884105
63423309
56710396
62006465
58854983
56301825
63004828
58998514
50590267
62007163
58105870
59211434
63177559
67192735
58000072
63008586
58717142
62855833
63036234
28324333
58105303
58870011
58706178
59728277
57275930
62998440
50488907
59582919
56048530
62024444
50222169
62112410
58102299
58057409
62848967
62100848
62841178
58845324
62621881
56239523
58889108
59597143
59039277
58466367
58673588
57107551
62000247
58858451
62995449
56620725
59064271
58494128
50291922
63007768
58920900
57331716
28327711
63005683
58479156
63309994
56586300
63290115
62943500
63215399
59758171
58909178
63040642
63422424
58083258
57757224
58996668
56393908
56308536
63051492
57755731
63832328
62002534
63122877
58058003
58087262
67974528
58775779
58865264
59878886
58459749
57737242
58567285
58932100
62085330
63074990
62011766
63084900
58914088
57106264
62323799
58924358
62783558
63494203
62009558
63990105
58948065
58743838
63085734
58044937
63573542
57373646
58092614
63166519
67379253
62076590
56202628
58811999
56216477
63062096
62812625
58862775
58537750
63432316
58473850
58860222
58923398
58038811
58079203
59550688
58866545
58065522
58860068
63016074
62858292
59501455
59533348
63007707
58109594
57898850
62133550
62850224
58947661
63766701
58867154
62305297
58558855
63222432
58433451
58132909
59980153
58953072
58759553
58866522
50050002
58862075
50742046
58866105
58866821
57813307
63650695
63921963
58888005
58133061
58999761
58766544
59499601
58043598
58474509
58919944
56276097
62999995
59645967
63141310
62112390
58960372
58711455
67376696
62795317
63010297
56620178
58853030
59221223
58030562
63783007
58032558
58141848
58059674
58716713
58753319
57588413
58848962
62868266
58863175
57038306
63010510
58856620
58850618
58040306
62858414
63003758
58762933
58840175
56049218
62744212
62678664
58866426
57140552
62599984
58070580
62000203
58889793
58866564
63848388
63007814
62094447
63121856
62000491
58789217
62833012
58863066
59581452
57106120
63005597
63346274
58781585
62870023
58778040
62220899
58738959
58944804
58745376
62444545
58505541
58930243
59096040
58926360
58031495
58523553
62851434
58984218
58866555
59418630
63760580
62621266
63648318
58588040
58608882
58851136
63142441
63001681
60110128
58483417
58468442
58483865
58023466
58597200
62000092
58997479
58095792
58471642
57898938
62865814
57033066
63066068
59424225
58700088
58843344
62040162
58868882
58865864
62866980
63554736
58868182
62647626
58780674
58860249
62594508
62866343
58996077
58775192
58693101
58467388
58854789
57030019
59537709
59465667
58836933
58449051
50851064
63066091
63020019
62771876
58597084
59035005
58851465
59194896
58472619
58990995
58072251
58854444
58866481
58743449
52231290
62000063
67227234
62220840
58000620
62006799
63877929
58741931
58852048
62114525
63551524
58881788
62848358
58858063
58406332
58832327
59918616
58075578
63499686
57374919
58014029
50415572
59728990
63186500
58501393
58785484
58693856
57728796
58679423
62022022
62152424
58857522
58842120
58593733
56109537
63422184
57885881
58080494
58076555
58703726
58851111
59441632
63060747
63134233
58853079
58909665
59885042
58566958
63062281
62840121
62200022
63035314
58487324
62000454
63007704
58032775
58993234
58882582
63126960
58495095
58072588
58435398
57733619
62019530
63018410
58955477
63477184
58957300
58857337
62001617
62855225
57040683
58721420
58781041
59645940
62206227
57879110
63086292
62669669
62853746
57892361
62008048
58058177
58850165
58736936
62853340
59044213
59432671
58744949
62000482
62479417
58916811
62200204
64375711
58771914
63002075
58993327
58700980
59685527
62151515
58840831
56171855
62840831
62849890
59023618
58844811
62856611
58855701
62866785
62621888
63797377
58777099
58788787
56702056
62204388
63097441
62749613
58866785
59555897
58850212
63923534
62444000
62009099
58002941
62856777
58787464
63007220
58043999
62112288
63007095
62908765
63003576
58714513
58961729
57255692
58776847
58736937
62226496
62339897
59355827
58043335
58460052
58861858
58061807
58852673
62904960
62724416
58770088
58862697
56679526
59901422
59031111
57454653
58859994
58913619
58901027
62854939
62003924
66110128
58072855
57131806
58043658
56141249
62000090
58754535
63064797
62008511
62860399
58072045
56484662
58850065
63038409
58868432
58816871
63799777
63101567
63076883
56624135
58773344
57756477
62083300
63885693
58853252
59681801
72157615
58859214
63206434
63016631
64038207
58847223
62001202
63085798
62732302
58941750
63962037
56263114
62089018
62712901
58458445
63141234
58082903
63224041
58952701
62845125
58401093
63598956
63235995
63367243
68091300
58852022
56625886
59415061
58776449
62862824
57642412
63486965
63245148
58086445
58712011
57772859
57281780
62858585
62357575
58570001
58713239
62888003
59925892
58039024
62515151
58815832
68012943
63765280
59400646
63395140
63002880
66080893
58124648
63529770
58888401
59628660
58975850
58906574
62865643
62730999
62331111
58590855
62322030
58414369
63230433
58445750
58788490
62854117
62001200
56300695
62210101
63425247
62000909
62004204
58887635
57710726
59110443
63137298
58102566
57005074
58759915
63833155
50462646
62446096
59418526
58751951
58109086
62682586
58851888
59391188
63970292
63094264
58518114
58858614
63929032
58852152
56469900
63150666
58761429
58130185
58865992
58854992
50156621
58418506
62850687
58887111
58708806
63005035
63003993
58609603
58886768
58566944
58152420
56230874
63280101
58055971
58870012
59132130
62009411
63635515
58091330
58539020
63004507
62035157
58711737
62740357
63066932

59446353
59501023
57563704
63000870
58996200
63003323
57734390
62001983
57480006
63845828
58079489
58861686
62000550
62006660
62112277
56496014
67103990
63001508
58819007
58011201
58920793
58723522
58098783
58886824
52051521
62051521
57373397
58855801
62558666
58956350
62400450
58960698
62112415
58769716
58743218
59582158
63286201
63420424
62996892
63952137
63013977
62005606
59729596
56135377
58952974
63795646
57208506
58889288
58915051
59710026
58109310
62916305
59899053
58446464
58907765
58924472
58107207
59398687
59518885
62911280
58480684
59704982
57686106
58463176
58884381
58531752
58904960
58863135
58583910
58501906
58024079
58823726
58664376
59003201
59453487
62040623
56457573
57756808
58447808
62866066
63643324
58915275
62250588
58866245
59498351
50699978
