+26650310024
+26650579127
+26650847176
+26651643034
+26653185310
+26653896497
+26656630081
+26656843854
+26657251972
+26657323772
+26657401+266
+26657668525
+26657835258
+26658003313
+26658033236
+26658041517
+26658421246
+26658444988
+26658541393
+26658677818
+26658721242
+26658769416
+26658842191
+26658842964
+26658880305
+26658882840
+26658885444
+26658904338
+26658913609
+26658972900
+26659017812
+26659034747
+26659075577
+26659095049
+26659192347
+26659657149
+26662112352
+26662228899
+26662778657
+26663107319
+26663145671
+26663337206
+26663541533
+26663642284
+26663897949
+26665000219
+26668400215
+26668418204
